0.18
0.21
0.25
0.29
0.32
0.35
0.38
0.41
0.43
0.45
0.56
0.22
0.26
0.29
0.33
0.36
0.39
0.41
0.43
0.45
0.47
0.56
0.22
0.25
0.29
0.33
0.36
0.39
0.41
0.44
0.46
0.47
0.56
0.22
0.25
0.29
0.32
0.36
0.39
0.41
0.44
0.46
0.47
0.56
0.22
0.25
0.29
0.32
0.36
0.38
0.41
0.43
0.45
0.47
0.56
0.22
0.25
0.29
0.32
0.35
0.38
0.41
0.43
0.45
0.47
0.55
0.22
0.25
0.29
0.32
0.35
0.38
0.41
0.43
0.45
0.47
0.55
0.22
0.25
0.29
0.32
0.35
0.38
0.41
0.43
0.45
0.47
0.55
0.22
0.25
0.29
0.32
0.35
0.38
0.41
0.43
0.45
0.47
0.56
0.21
0.25
0.29
0.32
0.35
0.38
0.41
0.43
0.45
0.47
0.56
0.21
0.25
0.29
0.32
0.35
0.38
0.41
0.43
0.45
0.47
0.56
0.21
0.25
0.29
0.32
0.35
0.38
0.41
0.43
0.45
0.47
0.56
0.17
0.21
0.25
0.29
0.32
0.35
0.38
0.41
0.43
0.45
0.56
0.17
0.21
0.25
0.28
0.32
0.35
0.38
0.41
0.43
0.45
0.56
0.17
0.21
0.25
0.28
0.32
0.35
0.38
0.4
0.43
0.45
0.56
0.17
0.21
0.25
0.28
0.32
0.35
0.38
0.4
0.43
0.45
0.56
0.17
0.21
0.25
0.28
0.32
0.35
0.38
0.4
0.43
0.45
0.56
0.17
0.21
0.25
0.28
0.32
0.35
0.38
0.4
0.43
0.45
0.56
0.17
0.21
0.25
0.28
0.32
0.35
0.38
0.4
0.43
0.45
0.56
0.17
0.21
0.25
0.28
0.31
0.35
0.38
0.4
0.43
0.45
0.56
0.17
0.21
0.25
0.28
0.31
0.35
0.37
0.4
0.43
0.45
0.56
0.17
0.21
0.25
0.28
0.31
0.35
0.37
0.4
0.43
0.45
0.56
0.18
0.21
0.25
0.29
0.32
0.35
0.38
0.41
0.43
0.45
0.56
0.17
0.21
0.25
0.29
0.32
0.35
0.38
0.41
0.43
0.45
0.56
0.17
0.21
0.25
0.28
0.32
0.35
0.38
0.4
0.43
0.45
0.56
0.17
0.21
0.25
0.28
0.32
0.35
0.38
0.4
0.43
0.45
0.56
0.17
0.21
0.25
0.28
0.32
0.35
0.38
0.4
0.43
0.45
0.56
0.17
0.21
0.25
0.28
0.32
0.35
0.38
0.4
0.43
0.45
0.56
0.17
0.21
0.25
0.28
0.32
0.35
0.38
0.4
0.43
0.45
0.56
0.17
0.21
0.25
0.28
0.32
0.35
0.38
0.4
0.43
0.45
0.56
0.17
0.21
0.25
0.28
0.32
0.35
0.38
0.4
0.43
0.45
0.56
0.17
0.21
0.25
0.28
0.32
0.35
0.38
0.4
0.43
0.45
0.56
0.18
0.21
0.25
0.29
0.32
0.35
0.38
0.41
0.43
0.45
0.56
0.17
0.21
0.25
0.29
0.32
0.35
0.38
0.41
0.43
0.45
0.56
0.17
0.21
0.25
0.29
0.32
0.35
0.38
0.41
0.43
0.45
0.56
0.17
0.21
0.25
0.29
0.32
0.35
0.38
0.4
0.43
0.45
0.56
0.17
0.21
0.25
0.29
0.32
0.35
0.38
0.4
0.43
0.45
0.56
0.17
0.21
0.25
0.29
0.32
0.35
0.38
0.4
0.43
0.45
0.56
0.17
0.21
0.25
0.29
0.32
0.35
0.38
0.4
0.43
0.45
0.56
0.17
0.21
0.25
0.28
0.32
0.35
0.38
0.4
0.43
0.45
0.56
0.18
0.21
0.25
0.29
0.32
0.35
0.38
0.41
0.43
0.45
0.56
0.18
0.21
0.25
0.29
0.32
0.35
0.38
0.41
0.43
0.45
0.57
0.18
0.21
0.25
0.29
0.32
0.35
0.38
0.41
0.43
0.45
0.56
0.18
0.21
0.25
0.29
0.32
0.35
0.38
0.41
0.43
0.45
0.57
0.18
0.21
0.25
0.29
0.32
0.35
0.38
0.41
0.43
0.45
0.57
0.18
0.21
0.25
0.29
0.32
0.35
0.38
0.41
0.43
0.45
0.57
0.18
0.21
0.25
0.29
0.32
0.35
0.38
0.41
0.43
0.45
0.56
0.18
0.21
0.25
0.29
0.32
0.35
0.38
0.41
0.43
0.45
0.56
0.18
0.21
0.25
0.29
0.32
0.35
0.38
0.41
0.43
0.45
0.56
0.18
0.21
0.25
0.29
0.32
0.35
0.38
0.41
0.43
0.45
0.57
0.18
0.21
0.25
0.29
0.32
0.35
0.38
0.41
0.43
0.45
0.57
0.18
0.21
0.25
0.29
0.32
0.35
0.38
0.41
0.43
0.45
0.56
0.18
0.21
0.25
0.29
0.32
0.35
0.38
0.41
0.43
0.45
0.56
0.18
0.21
0.25
0.29
0.32
0.35
0.38
0.41
0.43
0.45
0.56
0.18
0.21
0.25
0.29
0.32
0.35
0.38
0.41
0.43
0.45
0.57
0.18
0.21
0.25
0.29
0.32
0.35
0.38
0.41
0.43
0.45
0.56
0.18
0.21
0.25
0.29
0.32
0.35
0.38
0.41
0.43
0.45
0.56
0.18
0.21
0.25
0.29
0.32
0.35
0.38
0.41
0.43
0.45
0.56
0.18
0.21
0.25
0.29
0.32
0.35
0.38
0.41
0.43
0.45
0.56
0.18
0.21
0.25
0.29
0.32
0.35
0.38
0.41
0.43
0.45
0.56
0.18
0.21
0.25
0.29
0.32
0.35
0.38
0.41
0.43
0.45
0.56
0.51
0.52
0.53
0.54
0.54
0.55
0.55
0.56
0.56
0.57
0.43