0.19
0.23
0.27
0.3
0.33
0.36
0.38
0.41
0.42
0.44
0.52
0.23
0.27
0.31
0.34
0.37
0.39
0.41
0.43
0.44
0.45
0.52
0.23
0.27
0.31
0.34
0.37
0.39
0.41
0.43
0.44
0.45
0.52
0.23
0.27
0.3
0.34
0.36
0.39
0.41
0.43
0.44
0.45
0.51
0.23
0.27
0.3
0.33
0.36
0.39
0.41
0.43
0.44
0.45
0.51
0.23
0.27
0.3
0.33
0.36
0.39
0.41
0.42
0.44
0.45
0.51
0.23
0.27
0.3
0.33
0.36
0.39
0.41
0.42
0.44
0.45
0.51
0.23
0.27
0.3
0.33
0.36
0.39
0.41
0.42
0.44
0.45
0.51
0.23
0.27
0.3
0.33
0.36
0.39
0.41
0.42
0.44
0.45
0.51
0.23
0.27
0.3
0.33
0.36
0.39
0.41
0.42
0.44
0.45
0.51
0.23
0.27
0.3
0.33
0.36
0.38
0.41
0.42
0.44
0.45
0.51
0.23
0.27
0.3
0.33
0.36
0.38
0.41
0.42
0.44
0.45
0.51
0.19
0.23
0.27
0.3
0.33
0.36
0.38
0.4
0.42
0.44
0.52
0.19
0.23
0.27
0.3
0.33
0.36
0.38
0.4
0.42
0.44
0.52
0.19
0.23
0.26
0.3
0.33
0.36
0.38
0.4
0.42
0.44
0.51
0.19
0.23
0.26
0.3
0.33
0.36
0.38
0.4
0.42
0.44
0.51
0.19
0.23
0.26
0.3
0.33
0.36
0.38
0.4
0.42
0.44
0.51
0.19
0.23
0.26
0.3
0.33
0.36
0.38
0.4
0.42
0.44
0.51
0.19
0.23
0.26
0.3
0.33
0.36
0.38
0.4
0.42
0.44
0.51
0.19
0.23
0.26
0.3
0.33
0.36
0.38
0.4
0.42
0.44
0.51
0.19
0.23
0.26
0.3
0.33
0.36
0.38
0.4
0.42
0.43
0.52
0.19
0.23
0.26
0.3
0.33
0.35
0.38
0.4
0.42
0.43
0.52
0.19
0.23
0.27
0.3
0.33
0.36
0.38
0.4
0.42
0.44
0.52
0.19
0.23
0.27
0.3
0.33
0.36
0.38
0.4
0.42
0.44
0.51
0.19
0.23
0.27
0.3
0.33
0.36
0.38
0.4
0.42
0.44
0.52
0.19
0.23
0.27
0.3
0.33
0.36
0.38
0.4
0.42
0.44
0.52
0.19
0.23
0.27
0.3
0.33
0.36
0.38
0.4
0.42
0.44
0.52
0.19
0.23
0.27
0.3
0.33
0.36
0.38
0.4
0.42
0.44
0.52
0.19
0.23
0.27
0.3
0.33
0.36
0.38
0.4
0.42
0.44
0.52
0.19
0.23
0.27
0.3
0.33
0.36
0.38
0.4
0.42
0.44
0.52
0.19
0.23
0.27
0.3
0.33
0.36
0.38
0.4
0.42
0.44
0.52
0.19
0.23
0.27
0.3
0.33
0.36
0.38
0.4
0.42
0.43
0.52
0.19
0.23
0.27
0.3
0.33
0.36
0.38
0.41
0.42
0.44
0.52
0.19
0.23
0.27
0.3
0.33
0.36
0.38
0.4
0.42
0.44
0.52
0.19
0.23
0.27
0.3
0.33
0.36
0.38
0.4
0.42
0.44
0.52
0.19
0.23
0.27
0.3
0.33
0.36
0.38
0.4
0.42
0.44
0.52
0.19
0.23
0.27
0.3
0.33
0.36
0.38
0.4
0.42
0.44
0.52
0.19
0.23
0.27
0.3
0.33
0.36
0.38
0.4
0.42
0.44
0.52
0.19
0.23
0.27
0.3
0.33
0.36
0.38
0.4
0.42
0.44
0.52
0.19
0.23
0.27
0.3
0.33
0.36
0.38
0.4
0.42
0.44
0.52
0.19
0.23
0.27
0.3
0.33
0.36
0.38
0.41
0.42
0.44
0.52
0.19
0.23
0.27
0.3
0.33
0.36
0.38
0.4
0.42
0.44
0.52
0.19
0.23
0.27
0.3
0.33
0.36
0.38
0.41
0.42
0.44
0.52
0.19
0.23
0.27
0.3
0.33
0.36
0.38
0.4
0.42
0.44
0.52
0.19
0.23
0.27
0.3
0.33
0.36
0.38
0.4
0.42
0.44
0.52
0.19
0.23
0.27
0.3
0.33
0.36
0.38
0.4
0.42
0.44
0.52
0.19
0.23
0.27
0.3
0.33
0.36
0.38
0.41
0.42
0.44
0.52
0.19
0.23
0.27
0.3
0.33
0.36
0.38
0.41
0.42
0.44
0.52
0.19
0.23
0.27
0.3
0.33
0.36
0.38
0.4
0.42
0.44
0.52
0.19
0.23
0.27
0.3
0.33
0.36
0.38
0.4
0.42
0.44
0.52
0.19
0.23
0.27
0.3
0.33
0.36
0.38
0.4
0.42
0.44
0.52
0.19
0.23
0.27
0.3
0.33
0.36
0.38
0.41
0.42
0.44
0.52
0.19
0.23
0.27
0.3
0.33
0.36
0.38
0.41
0.42
0.44
0.52
0.19
0.23
0.27
0.3
0.33
0.36
0.38
0.41
0.42
0.44
0.52
0.19
0.23
0.27
0.3
0.33
0.36
0.38
0.4
0.42
0.44
0.52
0.19
0.23
0.27
0.3
0.33
0.36
0.38
0.41
0.42
0.44
0.52
0.19
0.23
0.27
0.3
0.33
0.36
0.38
0.41
0.42
0.44
0.52
0.19
0.23
0.27
0.3
0.33
0.36
0.38
0.41
0.42
0.44
0.52
0.19
0.23
0.27
0.3
0.33
0.36
0.38
0.41
0.42
0.44
0.52
0.19
0.23
0.27
0.3
0.33
0.36
0.38
0.41
0.42
0.44
0.52
0.19
0.23
0.27
0.3
0.33
0.36
0.38
0.41
0.42
0.44
0.52
0.47
0.48
0.48
0.49
0.49
0.5
0.51
0.51
0.52
0.52
0.42