0 0.0041
1 0.0032
2 0.0026
3 0.0021
4 0.0017
5 0.0015
6 0.0014
7 0.0013
8 0.0012
9 0.0011
10 0.001
11 0.001
12 0.0009
13 0.0008
14 0.0008
15 0.0007
16 0.0007
17 0.0006
18 0.0006
19 0.0006
20 0.0005
21 0.0005
22 0.0005
23 0.0005
24 0.0004
25 0.0004
26 0.0004
27 0.0004
28 0.0004
29 0.0003
30 0.0003
31 0.0003
32 0.0003
33 0.0003
34 0.0003
35 0.0003
36 0.0003
37 0.0003
38 0.0003
39 0.0003
40 0.0003
41 0.0003
42 0.0003
43 0.0003
44 0.0002
45 0.0002
46 0.0002
47 0.0002
48 0.0002
49 0.0002