499
399
342
302
273
250
229
213
197
187
122
401
341
304
277
253
232
216
204
192
180
123
400
340
304
273
250
231
215
200
187
177
123
399
341
303
274
249
231
213
199
187
176
124
399
346
305
272
249
232
213
198
185
175
128
400
343
305
273
250
231
213
199
186
176
128
400
342
304
274
250
230
214
198
186
174
128
398
343
305
273
250
231
213
199
187
174
127
400
344
303
275
248
229
212
198
188
175
127
399
343
302
274
248
228
214
198
186
177
127
405
343
302
273
250
229
215
198
187
175
127
399
343
303
274
252
228
212
199
187
175
127
499
402
342
302
272
248
228
211
196
184
122
496
398
342
308
271
247
232
211
198
184
122
498
396
341
302
273
247
231
212
197
184
125
502
400
343
303
272
248
228
211
196
185
125
499
400
343
302
273
246
227
212
196
184
127
501
400
342
303
271
248
231
212
198
183
128
500
400
345
302
272
249
227
211
199
184
126
499
399
342
304
272
251
228
211
197
184
126
498
399
341
303
275
248
227
212
197
183
126
498
399
341
302
274
249
229
213
197
184
128
498
401
344
307
273
248
229
215
198
185
123
501
400
343
302
273
249
228
212
197
185
124
499
400
342
304
275
249
229
213
198
184
124
499
400
342
304
273
249
230
214
198
185
124
498
399
347
304
273
249
230
212
200
184
124
499
401
343
303
272
250
229
211
197
185
125
498
400
344
304
277
249
231
211
198
185
125
497
399
341
306
273
249
228
212
197
185
125
496
403
342
302
274
250
228
212
198
186
125
500
399
343
301
272
249
231
211
200
184
125
498
402
344
302
274
249
230
213
198
185
123
500
400
341
302
273
248
229
214
199
187
123
497
397
344
304
274
248
228
212
199
185
125
498
398
343
301
271
250
230
212
200
186
123
502
402
344
303
272
249
228
212
197
186
123
499
400
343
303
273
248
229
211
198
186
125
498
398
341
304
274
252
229
213
198
186
123
498
398
342
304
275
249
230
211
197
185
124
499
401
343
306
273
251
231
212
198
185
122
499
399
342
305
275
251
228
212
199
185
122
497
399
343
303
274
250
229
213
199
185
122
500
399
343
302
274
249
229
212
199
185
121
499
400
344
302
272
247
228
213
199
184
122
500
403
343
303
273
249
229
213
198
186
122
499
398
342
301
274
247
230
212
199
185
122
496
402
342
304
272
249
230
214
197
186
122
499
398
341
305
273
248
229
211
198
189
122
499
400
343
303
274
250
229
213
198
186
122
497
401
343
302
272
250
232
213
200
185
122
498
400
342
304
273
248
228
211
198
186
123
497
397
345
303
274
249
230
213
197
186
122
502
399
341
303
274
248
230
214
198
185
122
497
402
341
302
275
248
228
212
199
185
121
501
399
343
302
274
249
229
213
198
187
122
499
398
341
300
273
250
228
213
199
187
122
497
401
343
303
271
251
231
212
197
186
123
501
399
345
303
276
249
228
213
198
187
124
497
398
343
306
273
249
231
214
198
185
123
500
398
341
303
273
248
229
212
197
187
121
179
170
162
154
146
139
133
127
121
117
198
