494
396
341
300
270
248
227
211
197
187
119
396
342
302
273
251
233
219
204
190
181
119
395
340
303
272
247
229
215
201
188
175
121
394
338
300
270
247
229
214
199
186
175
123
397
340
300
270
247
229
211
198
186
174
124
395
340
302
272
247
228
212
198
186
176
125
394
339
301
269
248
229
212
198
187
174
125
395
338
300
271
249
228
212
198
186
173
125
396
341
300
275
248
228
212
198
185
174
123
395
339
299
271
246
228
212
197
185
173
125
396
338
303
270
247
229
212
198
187
176
125
395
338
301
272
247
228
213
198
186
175
124
493
394
338
300
270
246
226
211
196
185
120
492
393
338
299
270
247
226
209
196
184
123
492
393
338
300
270
247
226
209
195
182
122
493
393
337
298
270
247
226
209
197
183
123
493
394
337
300
269
246
225
211
195
185
123
491
393
338
299
268
247
226
210
195
183
123
491
395
338
300
270
245
226
209
195
182
123
494
394
337
299
270
245
226
209
195
183
122
491
396
338
299
267
244
225
209
195
183
123
491
394
338
299
269
246
227
209
196
182
124
497
395
338
299
270
248
229
212
199
184
120
491
395
337
300
270
247
228
211
197
185
120
494
395
338
301
269
246
228
212
198
189
121
493
394
340
304
269
248
226
210
196
186
121
494
394
337
300
272
251
230
212
196
186
121
493
397
339
300
269
248
227
212
198
184
120
493
395
339
299
270
247
228
213
196
184
121
492
394
337
298
270
247
226
212
197
184
120
494
394
336
301
275
247
228
213
197
184
121
495
396
339
299
271
248
229
212
199
186
121
494
397
338
301
270
247
229
213
198
186
119
495
395
337
301
271
247
228
212
198
185
119
493
394
338
300
271
248
228
214
197
187
119
493
394
339
301
274
249
230
213
198
185
119
496
397
339
299
271
250
229
213
197
186
119
497
395
338
300
271
247
227
212
198
187
121
494
394
337
301
271
246
229
211
199
185
118
494
398
338
300
271
247
229
212
198
184
120
493
395
339
302
270
248
229
211
198
185
120
496
393
340
300
272
246
228
212
199
185
119
491
395
338
300
274
247
227
212
198
186
119
492
393
338
298
272
247
229
215
199
185
120
496
394
339
300
270
247
228
212
199
184
119
494
394
339
300
274
251
227
211
198
186
119
496
396
338
300
271
247
227
212
197
186
118
492
394
338
300
271
248
229
212
197
186
120
493
396
338
299
271
246
230
212
197
187
121
491
394
338
304
271
247
229
213
197
186
119
495
395
339
300
273
247
227
212
197
186
119
495
394
340
300
271
247
228
212
196
185
120
493
395
340
301
272
248
229
213
198
185
119
493
396
342
300
270
248
228
213
197
185
120
493
396
338
300
272
249
227
215
198
185
119
494
394
338
301
270
246
230
212
198
185
118
495
396
338
299
272
247
227
211
197
186
119
495
394
339
298
272
249
230
212
198
185
119
495
396
338
299
271
247
229
213
200
188
119
493
395
339
300
273
248
229
213
197
185
118
495
394
338
301
271
247
231
212
198
186
118
175
166
159
151
143
137
129
125
119
114
199
