507
405
348
306
275
251
232
215
199
187
127
406
346
308
275
256
235
218
204
192
181
127
402
347
307
275
253
233
217
201
190
178
128
405
349
308
278
253
232
217
201
189
178
128
403
346
306
278
252
234
216
201
187
177
128
402
346
307
278
252
233
216
200
187
176
131
401
347
308
277
253
232
216
201
187
178
132
402
347
306
276
252
234
215
199
188
176
133
406
345
306
276
252
232
215
200
188
176
132
404
346
306
276
253
232
214
200
187
176
131
402
346
307
277
252
232
214
200
187
176
133
404
348
307
278
252
231
215
200
187
177
132
503
402
346
307
276
254
234
213
201
187
127
503
401
346
307
275
250
231
215
201
187
127
501
403
345
304
276
252
232
213
199
187
127
503
402
344
307
277
250
230
217
200
187
131
501
402
346
304
276
251
231
215
200
185
131
501
402
346
306
277
251
231
213
200
186
130
501
402
345
306
274
249
230
215
200
187
130
505
404
348
307
273
250
231
214
197
186
131
501
406
345
306
276
250
232
215
199
187
131
503
403
345
306
276
251
231
215
200
185
130
501
402
349
308
277
252
232
214
201
186
127
501
403
349
305
280
251
231
214
200
186
128
501
403
345
305
276
253
233
215
199
186
128
503
404
346
305
276
251
231
215
199
186
129
502
403
347
307
275
250
231
217
201
186
128
503
403
347
307
275
252
232
214
198
186
129
501
403
349
305
275
252
232
215
200
187
129
503
403
346
308
277
251
230
213
200
186
129
501
403
345
305
277
254
231
214
200
186
130
502
404
346
305
275
251
231
213
200
186
130
501
404
346
306
275
251
232
215
201
188
127
501
404
347
307
274
250
232
214
200
187
128
503
403
347
305
274
253
234
214
200
187
129
503
401
346
309
278
251
233
215
199
187
128
504
403
348
306
276
252
232
214
202
187
128
503
403
344
305
276
251
232
214
200
186
127
502
403
345
307
277
250
230
214
200
187
128
504
403
345
307
276
252
233
215
198
187
128
502
403
347
305
276
251
232
215
199
187
126
504
402
346
307
277
252
230
215
201
186
126
501
406
348
306
276
251
231
214
199
187
126
505
402
346
306
277
253
232
215
200
187
127
503
404
346
305
275
252
233
214
201
187
128
501
406
347
306
275
251
233
214
199
186
126
504
402
346
306
276
253
232
216
200
187
128
501
405
346
306
276
252
232
215
200
188
127
503
403
347
307
276
252
231
214
200
187
127
502
405
345
307
275
254
231
214
201
187
128
500
405
347
305
277
254
231
214
202
186
127
502
402
346
306
276
252
232
217
201
187
128
503
403
347
306
276
250
232
215
201
187
126
501
405
346
308
276
251
230
214
200
187
127
503
404
347
307
278
251
231
213
201
186
127
501
404
348
306
275
254
232
217
202
188
126
502
405
346
305
276
252
230
214
200
187
127
501
403
347
307
276
252
235
216
199
188
126
503
405
346
309
276
252
234
216
199
188
127
504
403
346
306
277
251
233
215
200
187
127
501
404
346
306
274
253
233
215
200
188
128
184
174
165
159
151
145
137
133
127
121
202
