505
404
347
309
276
251
232
215
200
187
123
408
347
310
278
253
234
217
203
192
180
124
405
347
306
277
256
232
216
202
188
179
124
404
346
309
277
252
232
215
201
189
177
125
405
348
309
279
255
233
217
200
187
175
129
407
348
308
276
252
233
217
200
186
175
129
407
349
310
278
252
234
213
200
187
178
128
407
346
309
279
253
232
218
200
186
176
130
404
347
309
278
253
233
216
201
190
176
130
404
346
307
277
253
231
214
199
187
176
128
404
348
308
278
253
233
214
200
189
175
128
404
345
306
276
252
232
214
202
187
175
129
504
405
350
307
279
252
232
215
197
187
122
505
404
348
306
279
252
231
215
201
187
125
502
404
347
307
274
253
232
216
199
187
127
503
404
350
307
278
253
233
215
202
186
127
503
405
346
307
277
251
232
214
200
187
128
504
406
347
307
274
252
232
214
201
187
126
502
404
348
306
278
253
232
215
201
186
128
502
406
347
308
277
252
235
214
199
187
128
504
403
348
308
278
250
232
215
199
187
128
505
404
349
306
275
253
230
213
200
186
127
504
407
348
307
278
253
232
217
202
187
126
504
407
349
308
277
254
232
216
199
186
125
504
404
349
309
277
253
231
215
200
187
125
506
403
349
307
276
251
231
215
200
187
126
505
405
347
304
279
252
234
216
202
187
126
502
406
348
307
276
253
232
215
201
186
126
503
406
350
309
275
251
234
215
200
187
128
503
408
349
306
276
251
235
214
201
187
126
505
403
346
306
276
251
231
214
199
186
127
505
403
348
307
277
254
231
214
199
187
127
505
406
351
307
280
254
231
214
200
186
125
504
404
347
309
277
256
233
216
202
186
124
503
406
345
306
279
253
231
216
200
185
124
505
405
348
308
275
255
233
214
198
187
124
505
405
348
306
278
254
234
214
200
188
125
504
404
346
306
278
254
235
215
201
186
125
504
405
346
308
277
253
231
214
198
187
124
502
405
347
307
277
251
232
214
201
187
125
504
404
347
307
277
252
231
215
200
187
123
504
404
347
307
277
252
232
215
200
187
125
502
404
349
309
277
254
232
214
201
186
123
505
404
350
307
277
251
233
214
201
186
123
506
405
346
307
276
253
232
215
200
189
123
504
405
346
308
279
251
231
215
200
186
123
503
404
346
307
277
252
233
215
200
186
124
505
409
346
308
276
252
234
214
199
188
124
503
404
347
308
277
251
232
215
200
186
124
503
407
347
311
276
250
232
215
201
186
123
505
404
347
309
280
252
231
215
198
186
124
503
404
348
307
277
255
232
215
198
189
123
504
404
348
308
278
252
233
216
201
187
123
502
407
346
308
277
252
233
214
200
186
123
505
405
347
309
276
255
232
215
200
190
122
504
404
349
309
276
255
232
216
199
186
123
503
404
347
306
277
250
232
214
200
186
124
505
406
346
307
277
252
231
215
203
186
123
507
407
348
307
277
254
232
216
200
189
123
504
402
349
307
277
254
232
215
199
186
123
506
406
348
305
277
251
231
216
199
188
122
180
171
165
155
148
140
134
129
124
118
202
