494
394
339
302
272
247
229
212
200
185
120
395
341
302
275
253
232
217
204
192
180
120
396
341
302
273
249
229
213
200
190
178
122
395
339
301
271
249
230
213
198
187
178
124
397
340
300
272
248
228
212
198
187
174
126
396
340
301
272
248
229
212
198
186
174
126
394
340
301
272
248
229
210
198
186
174
126
394
339
300
273
249
228
213
198
186
174
126
397
339
300
269
248
229
214
197
186
173
126
394
339
301
272
249
229
213
198
185
175
126
396
339
301
271
248
229
213
197
185
175
125
396
340
300
271
250
230
212
199
186
174
127
494
396
338
303
269
246
226
210
198
184
120
494
397
338
299
269
246
228
213
197
183
124
494
395
340
298
271
245
227
209
195
184
123
495
396
340
298
272
245
226
209
194
182
125
494
397
339
299
270
246
226
209
197
184
125
497
396
340
301
270
244
226
209
195
183
124
493
395
338
303
270
249
225
209
196
185
125
494
398
339
300
270
246
226
209
195
182
126
494
395
339
300
269
244
226
210
196
183
125
494
394
339
298
270
246
226
210
198
184
126
496
395
338
299
272
248
229
212
197
185
122
496
396
341
300
271
247
226
211
197
185
122
495
395
338
301
271
248
227
213
196
184
123
494
395
339
302
272
247
227
212
197
185
122
494
396
339
299
270
246
227
211
198
187
123
495
395
339
300
272
247
229
213
198
184
123
495
396
341
300
271
247
227
212
196
184
123
496
396
340
300
271
247
228
213
198
185
123
494
395
341
300
271
248
229
212
197
184
124
493
396
339
301
271
247
229
210
197
186
123
497
397
342
300
273
247
229
212
197
185
122
493
395
340
300
271
247
227
212
198
185
121
494
397
341
304
271
250
228
211
197
186
121
495
397
340
301
272
247
230
212
197
185
121
491
396
339
304
272
248
228
211
199
186
120
495
395
340
300
270
248
228
211
200
185
121
495
395
339
301
271
247
228
210
196
184
120
493
396
340
303
273
247
227
212
197
185
120
494
396
339
300
272
248
230
212
199
185
121
493
402
340
300
270
248
228
213
197
185
122
496
394
339
300
271
246
229
213
199
186
121
494
397
339
300
272
249
230
212
198
186
121
494
395
339
300
270
251
230
212
199
186
120
494
397
340
301
271
250
228
214
197
187
120
494
395
339
301
271
248
227
212
200
185
120
495
396
339
300
271
247
231
213
197
185
121
495
398
340
301
271
248
229
211
199
185
121
494
397
340
300
270
248
229
212
198
186
120
495
396
340
299
270
247
230
212
198
187
120
493
396
340
298
273
248
227
212
198
185
121
493
397
339
299
270
247
228
212
198
186
120
496
397
341
301
273
246
228
215
198
186
121
494
398
339
299
271
251
227
214
197
185
121
495
396
340
302
274
248
228
212
197
186
121
494
396
342
300
270
247
229
214
198
185
121
496
396
341
300
273
250
229
213
198
187
121
498
395
338
303
272
247
230
212
197
186
120
495
395
339
302
272
249
229
212
199
186
120
494
397
342
302
271
251
230
213
197
184
120
177
167
158
152
144
137
131
126
120
114
198
