496
397
341
302
271
248
229
211
197
184
114
398
341
304
276
254
236
217
205
191
180
113
397
342
302
274
248
228
210
197
183
175
118
399
341
303
274
248
227
211
199
184
174
117
399
341
301
271
247
228
211
197
186
172
118
397
343
302
272
249
227
213
197
185
173
118
398
341
301
271
249
229
210
196
184
174
117
400
341
300
271
248
227
211
197
183
173
118
398
340
302
272
247
230
211
196
184
173
118
400
343
300
274
247
229
211
197
184
173
118
397
341
303
272
251
228
211
197
183
172
118
396
343
301
271
248
227
211
196
185
172
119
497
400
343
302
271
247
226
210
195
183
119
499
398
339
302
272
247
227
209
196
182
116
499
397
340
301
270
246
227
212
194
184
116
496
398
341
301
270
247
226
210
195
182
116
499
397
341
302
272
246
227
210
196
183
115
495
395
342
303
270
248
227
210
196
182
116
497
397
340
302
273
248
229
208
197
184
116
496
397
342
301
270
246
228
209
195
183
116
495
398
341
300
271
248
229
210
196
182
117
499
396
339
300
272
248
225
213
195
184
117
497
398
342
300
272
247
228
210
197
184
113
497
399
340
302
274
249
228
210
196
184
114
496
399
343
303
270
247
229
212
198
184
113
496
399
345
302
274
246
226
211
196
187
112
496
398
340
302
271
250
227
210
196
184
112
497
399
340
302
272
247
227
212
196
185
113
495
399
340
301
273
248
229
213
197
185
114
496
397
341
302
271
252
228
211
199
184
111
495
397
342
301
271
247
230
211
198
186
113
495
396
340
302
271
249
230
211
198
185
112
496
398
343
302
274
249
228
215
197
183
113
497
398
340
301
271
248
228
215
198
183
113
499
398
341
301
270
248
228
211
197
184
113
496
397
341
302
272
248
226
213
197
186
112
496
398
339
302
272
248
228
211
196
184
113
497
399
342
300
272
249
227
211
197
184
112
496
399
340
302
271
247
228
211
198
185
114
494
400
342
299
272
248
228
211
196
185
114
495
398
342
301
271
250
228
210
196
185
113
496
399
340
301
272
249
230
213
198
185
113
499
399
339
302
270
247
228
211
196
186
113
498
400
341
302
271
246
229
214
200
184
112
497
401
341
302
271
248
227
210
196
184
114
498
403
345
300
273
248
227
211
197
183
113
498
403
347
302
273
251
229
210
197
184
113
495
398
341
301
273
247
227
211
196
184
113
496
400
342
300
272
247
227
210
199
185
111
496
398
342
301
271
247
228
212
197
185
113
497
397
341
304
272
248
227
210
196
184
113
497
399
340
303
271
248
227
210
198
184
112
495
396
341
300
274
249
228
211
197
184
113
497
398
340
303
272
249
229
212
197
184
112
496
397
340
301
272
247
228
214
198
183
112
497
398
342
301
271
247
229
211
196
184
112
496
398
341
301
270
247
229
210
199
184
113
498
397
341
304
273
246
229
211
198
185
112
498
398
341
302
270
251
228
213
199
185
114
497
399
342
301
273
247
228
212
198
184
112
496
400
344
304
272
247
229
211
197
184
113
168
161
152
144
136
128
124
118
113
108
197
