504
406
349
306
275
252
234
216
200
187
127
407
347
308
279
253
232
217
203
191
181
124
404
346
308
276
252
233
216
203
191
178
126
405
347
307
279
252
232
218
201
189
179
126
403
346
306
277
254
233
216
201
188
176
129
403
347
307
277
252
232
216
201
189
176
129
407
348
309
278
253
231
216
202
188
178
130
405
346
308
276
252
234
214
201
188
176
129
405
347
309
276
252
231
215
202
191
177
129
407
347
309
279
251
231
218
200
187
176
130
404
347
306
276
252
231
214
200
187
176
130
406
348
310
276
251
230
216
200
186
177
129
502
404
348
307
275
251
232
213
199
186
125
502
404
347
309
276
252
232
216
200
186
124
503
405
348
307
276
252
230
214
199
188
127
504
404
347
306
274
252
232
213
199
186
127
503
403
348
306
276
251
232
217
198
186
127
504
404
346
305
275
252
232
214
199
186
128
502
403
346
306
278
251
232
213
199
186
128
505
404
348
307
277
253
231
213
200
185
128
504
405
346
310
275
253
232
215
199
186
128
502
403
346
306
275
251
231
214
199
187
128
502
405
351
306
277
252
232
214
201
188
125
503
405
347
307
277
252
231
214
201
188
127
503
406
347
311
275
251
232
216
200
188
127
505
402
349
307
278
251
231
214
199
187
126
504
406
346
310
275
253
232
215
200
187
128
504
402
346
307
280
250
231
215
200
188
127
502
406
346
307
278
252
233
216
200
187
126
505
407
347
307
276
253
231
216
199
186
127
504
404
348
304
278
252
232
215
200
187
127
504
405
346
306
276
253
233
214
199
185
127
503
406
347
307
278
252
231
216
199
188
125
504
403
346
306
276
254
233
215
199
187
126
504
402
348
310
278
250
232
215
200
190
126
504
404
346
307
275
252
230
216
201
188
125
503
407
347
307
277
251
233
215
201
187
125
504
407
347
308
277
252
231
216
200
187
126
505
404
346
306
277
251
232
213
199
189
125
504
406
346
308
279
254
232
215
200
187
127
504
404
346
310
275
253
234
215
201
190
124
502
405
346
308
276
252
232
216
200
188
124
503
403
348
306
275
252
231
214
200
188
124
507
402
346
307
275
251
233
215
200
188
126
503
404
347
309
278
252
232
215
200
188
123
505
404
347
309
277
254
231
215
201
188
125
502
405
346
306
275
257
232
215
201
188
124
502
406
349
306
276
254
234
214
202
187
124
506
404
348
306
278
252
233
214
201
187
126
503
404
349
307
276
253
231
214
203
189
125
503
403
348
308
276
251
230
214
200
186
125
506
404
347
308
276
253
230
216
199
187
125
504
403
347
307
277
252
233
218
202
187
125
506
404
346
306
276
252
233
217
201
187
126
506
404
346
307
277
251
231
214
199
188
124
502
403
348
308
275
252
232
216
200
187
124
502
407
348
306
276
251
231
214
200
187
125
503
403
346
306
278
254
232
214
202
186
126
505
405
347
307
276
254
233
216
201
187
125
503
405
346
308
277
252
230
219
200
187
123
502
403
348
308
281
253
233
215
202
188
124
181
172
164
155
150
142
137
129
125
118
201
