492
395
339
300
271
247
227
211
199
186
118
395
341
302
274
254
235
218
204
191
180
119
396
338
300
273
248
230
212
199
190
177
121
394
339
301
272
248
228
212
199
186
177
123
394
339
301
272
246
229
212
198
184
174
123
395
345
300
271
248
229
211
198
185
175
124
396
339
299
274
246
227
213
198
184
173
123
394
338
300
270
246
227
212
197
186
173
124
397
338
300
271
247
228
210
200
185
174
124
395
338
302
270
248
228
213
198
185
174
123
397
339
300
269
249
229
211
196
184
174
123
394
340
303
269
247
228
213
197
184
174
124
491
396
337
299
270
245
227
211
195
183
120
496
395
336
299
271
245
226
208
196
182
122
491
392
337
299
269
245
227
209
195
181
122
492
393
340
299
268
244
225
210
196
183
122
493
394
341
298
268
245
225
211
196
183
122
493
392
338
299
268
245
225
210
194
182
123
495
395
339
298
268
245
226
210
194
183
122
494
394
338
300
270
246
228
209
195
182
122
493
393
340
298
269
249
226
209
194
182
122
496
394
338
298
270
246
226
209
194
182
122
494
394
338
301
270
248
227
210
198
184
119
493
393
337
298
269
247
227
211
198
186
120
493
396
337
298
268
247
229
210
198
184
119
493
393
341
300
269
248
226
211
196
185
121
494
393
338
302
271
249
229
212
196
184
120
492
397
338
301
270
246
229
212
196
184
120
492
394
339
299
270
247
226
211
197
183
120
493
393
337
300
275
249
228
212
195
184
120
491
395
339
297
272
246
227
211
197
184
119
494
397
338
299
271
247
230
210
197
184
121
493
396
339
299
270
246
227
212
197
185
119
494
395
339
300
271
248
229
212
197
185
118
495
397
341
300
269
246
228
211
198
185
117
494
394
338
300
269
247
228
212
198
185
118
492
395
342
299
272
247
231
211
197
186
118
495
395
337
299
270
247
228
211
196
184
119
493
395
339
300
272
246
228
211
197
183
118
492
396
339
301
271
247
228
212
198
185
119
494
395
339
299
272
250
230
212
201
185
118
492
395
340
299
271
247
228
212
197
184
118
494
394
338
299
269
247
228
211
199
186
118
494
396
339
301
272
248
227
211
197
185
118
493
393
338
299
270
247
230
214
198
185
118
496
394
339
298
272
248
226
211
198
185
120
494
394
337
300
270
247
228
210
197
185
118
493
394
339
300
270
249
228
212
198
186
118
494
395
338
299
270
246
228
213
197
186
118
494
396
338
301
270
246
227
211
197
184
117
492
394
340
298
270
249
227
211
196
185
118
493
395
338
299
272
248
228
212
197
186
118
491
396
340
300
270
248
229
211
198
185
119
496
398
340
301
271
250
229
213
197
184
118
493
395
338
302
269
248
228
212
197
185
118
493
394
341
299
272
249
229
211
198
185
118
493
394
340
300
270
246
228
210
197
184
118
492
397
339
300
270
247
229
211
196
185
119
494
395
339
300
271
248
227
212
198
185
118
492
395
343
300
272
248
227
212
197
185
118
494
393
342
301
270
248
228
211
200
185
117
174
167
156
149
141
135
129
123
119
113
198
