491
394
338
299
270
247
228
209
197
185
117
394
338
303
275
254
239
218
203
192
179
117
396
337
299
269
246
231
212
201
186
177
119
392
339
300
269
249
227
210
199
186
176
121
394
336
297
268
247
226
211
196
184
172
123
395
337
298
269
246
228
211
197
184
174
123
395
337
300
269
248
229
210
199
185
173
123
393
340
298
268
248
227
209
197
184
173
122
394
337
298
270
245
226
210
195
184
172
123
392
339
298
269
248
226
210
195
186
173
122
394
336
299
268
246
226
212
196
183
175
123
394
337
298
271
247
227
210
196
185
174
121
492
392
338
297
267
245
226
210
196
183
118
494
392
338
297
267
245
224
209
195
184
122
490
391
335
297
267
245
226
208
194
183
121
492
391
335
299
267
243
224
208
194
181
122
493
393
340
296
267
243
225
210
194
182
122
491
393
336
297
268
245
223
207
193
181
122
491
393
335
298
267
244
224
209
194
181
122
492
392
335
300
267
244
225
209
196
181
124
491
394
338
297
266
243
224
210
194
182
122
493
392
335
295
268
244
224
209
194
183
122
492
395
337
299
269
247
227
211
197
184
119
493
392
338
299
269
246
225
210
197
183
119
492
394
337
298
267
247
226
209
195
184
119
492
395
338
299
269
247
227
209
197
184
119
491
394
335
298
268
244
229
211
195
184
119
491
393
336
299
268
247
225
209
195
183
119
490
394
336
296
271
247
226
209
196
184
119
492
392
337
298
268
246
228
210
195
184
120
491
392
337
298
269
246
226
211
196
184
120
492
395
335
300
268
245
226
210
197
183
119
493
394
339
298
269
244
227
210
196
183
117
490
394
337
296
268
247
228
210
196
184
117
495
393
336
300
269
247
228
209
196
184
118
491
394
339
298
270
246
226
210
195
183
117
490
396
338
296
269
245
227
210
196
186
117
492
394
337
297
268
245
228
210
197
185
118
493
398
337
297
269
247
227
209
197
185
119
492
393
337
300
270
245
227
211
196
183
117
490
393
336
300
271
246
226
211
197
184
119
490
393
336
297
270
246
227
209
196
185
117
490
397
337
299
269
246
227
211
195
184
117
494
393
336
298
268
247
227
212
198
185
117
489
392
338
298
268
245
227
212
197
185
117
492
394
338
300
271
247
227
210
198
184
117
489
393
339
300
270
246
227
211
197
183
117
493
395
336
298
270
244
227
210
195
184
116
493
394
335
297
269
247
227
212
198
184
117
493
395
337
298
269
246
228
212
198
185
116
492
394
337
298
268
245
227
211
196
186
117
492
393
339
299
268
247
227
210
198
184
117
490
393
339
298
269
245
229
210
198
184
117
491
393
337
300
268
246
226
210
198
184
117
494
394
340
299
272
247
227
211
195
184
118
492
393
339
302
268
246
227
212
196
184
118
490
392
339
299
271
248
227
211
197
183
116
493
393
341
297
273
247
226
210
197
184
117
494
392
341
298
268
245
230
211
196
183
117
491
394
338
300
268
247
226
210
196
184
119
493
394
335
299
269
249
226
212
195
185
116
174
166
157
148
142
134
129
123
117
112
197
