491
395
335
298
267
245
226
211
195
182
117
392
338
302
278
254
234
218
202
189
178
116
391
335
298
270
245
227
211
197
187
175
121
391
335
297
269
245
228
209
196
183
172
123
392
338
296
269
245
226
210
196
184
174
122
392
336
297
268
244
225
210
195
183
172
122
393
337
296
269
245
229
209
195
186
173
123
390
337
300
267
243
225
209
194
183
173
123
393
335
300
269
244
226
210
195
183
172
122
391
337
299
269
245
228
211
196
184
174
122
391
337
296
267
244
225
210
197
183
172
122
394
337
300
269
244
226
209
198
183
172
122
490
390
333
298
269
246
227
207
195
181
119
489
392
337
294
264
244
226
207
193
181
123
489
391
333
297
266
244
224
208
194
181
122
488
395
335
297
270
242
225
207
194
180
121
489
391
336
295
267
243
225
207
195
181
123
488
391
336
299
265
243
223
207
193
183
121
489
390
337
294
267
243
224
207
194
181
120
488
389
335
296
268
243
225
207
192
180
121
492
394
337
295
266
243
224
208
192
180
122
490
389
335
295
267
242
224
210
192
181
121
489
395
335
298
268
244
227
208
193
181
118
490
392
336
297
268
245
226
208
194
183
119
489
391
336
296
268
243
225
209
195
183
118
489
394
338
297
267
247
223
209
196
184
119
491
395
335
296
268
244
224
209
196
182
119
490
390
336
300
267
244
225
209
197
182
120
490
392
335
297
268
246
225
208
194
181
119
488
391
336
296
267
245
225
213
193
181
119
489
391
336
296
268
245
226
210
194
183
119
491
390
336
296
267
244
228
213
194
182
118
491
391
335
296
269
246
227
211
194
185
117
492
392
336
298
268
244
226
210
195
184
117
490
391
336
297
268
244
226
210
194
185
117
487
392
335
297
268
245
225
210
196
184
117
490
392
337
299
268
243
227
210
195
184
117
489
392
335
296
269
246
225
210
196
184
116
492
392
336
297
267
244
227
210
198
183
117
490
391
337
298
270
246
224
208
195
184
117
488
391
336
299
269
246
226
210
195
182
117
490
391
336
297
268
246
227
210
196
183
117
490
392
336
298
271
245
226
211
196
183
117
492
391
338
300
268
245
226
210
196
184
119
494
392
335
297
267
244
227
210
198
183
117
495
394
336
297
268
247
226
209
197
182
117
491
392
337
297
267
245
226
210
195
183
116
489
392
337
298
267
247
224
210
195
183
118
489
391
339
298
271
244
226
210
196
184
117
490
392
338
297
269
245
227
209
196
184
116
490
393
334
296
269
244
228
211
195
184
116
489
392
338
298
270
251
224
211
195
183
118
493
392
335
297
266
245
225
208
196
184
117
494
395
335
298
267
245
226
211
196
185
117
488
392
336
299
268
245
227
211
196
184
117
489
391
335
298
268
245
226
209
196
184
118
490
392
341
297
268
245
228
210
195
183
117
493
392
335
298
268
246
226
208
195
183
118
490
389
336
296
268
247
227
209
194
183
118
490
393
337
296
271
244
224
212
197
184
116
492
390
335
299
267
245
226
210
198
183
117
174
165
157
147
142
134
128
122
117
112
196
