492
392
338
299
273
246
228
211
196
184
118
396
340
302
277
251
234
219
203
192
182
118
394
339
299
271
249
230
212
199
186
175
120
394
338
300
271
249
228
211
198
184
173
123
394
338
299
269
245
229
212
198
184
173
123
395
340
301
271
245
227
212
196
184
175
124
395
338
298
271
247
227
211
196
184
173
123
394
337
298
269
246
227
212
196
185
173
123
392
337
299
271
248
227
211
196
184
176
123
394
339
300
269
246
229
210
197
186
174
124
393
338
301
269
245
228
211
197
184
173
123
394
339
299
272
246
227
210
197
186
175
122
492
391
337
298
270
248
225
211
196
183
120
492
395
336
297
267
246
227
208
196
182
122
491
395
336
299
269
244
226
208
194
182
121
492
393
337
298
270
244
224
209
195
182
120
491
392
335
300
267
245
225
208
195
182
123
491
393
337
299
269
246
225
209
195
183
123
492
394
335
296
269
245
225
209
194
182
121
492
393
335
300
270
245
226
210
197
182
120
492
395
335
298
267
245
224
207
194
182
122
494
394
337
299
268
244
226
207
195
184
122
497
391
338
300
270
248
227
211
196
183
121
495
394
340
302
270
246
226
210
198
185
120
494
399
337
298
269
247
228
211
196
184
118
492
392
341
298
270
247
227
210
196
184
119
492
396
339
301
271
247
227
210
196
186
118
491
393
340
302
273
246
227
210
196
187
120
492
393
339
300
268
246
228
210
198
185
119
493
395
340
298
269
249
225
210
198
185
119
492
398
339
303
268
246
228
211
196
184
119
493
396
337
298
270
246
229
210
196
185
119
492
393
339
299
271
247
227
210
199
184
118
491
395
338
298
269
245
227
210
197
186
118
492
397
338
298
272
246
230
212
197
184
117
491
394
340
299
271
246
228
211
196
186
118
491
395
339
300
272
247
228
211
198
183
117
494
393
338
298
270
248
228
211
197
185
117
491
393
337
300
272
247
227
211
197
184
119
493
393
339
300
271
245
228
212
198
185
117
492
393
337
300
271
247
229
212
196
185
119
494
395
337
299
268
249
226
211
196
185
117
492
395
337
298
269
247
229
210
196
184
118
492
393
338
300
269
246
228
212
197
184
117
493
393
339
298
271
246
228
211
197
184
119
493
394
340
300
271
245
228
211
199
185
117
492
396
339
301
272
247
228
212
198
185
120
491
395
339
300
269
246
227
211
198
185
118
496
394
341
300
269
247
227
212
197
187
117
494
393
338
299
269
247
227
212
198
185
117
493
395
338
300
270
246
227
211
197
184
117
492
396
341
298
272
246
226
211
198
186
118
495
395
337
300
270
249
226
211
197
187
117
492
394
337
299
270
245
226
212
197
184
117
491
394
338
299
271
246
228
211
196
184
117
491
399
340
298
270
246
227
211
198
186
117
494
396
342
300
270
246
228
210
197
185
118
493
396
337
299
271
246
226
211
196
184
118
494
395
337
299
269
247
226
210
197
184
118
492
394
341
299
270
247
229
211
197
184
117
493
395
337
298
271
248
228
210
196
185
118
177
164
156
149
142
136
130
122
116
112
196
