500 25 0.49
500 50 0.49
500 75 0.49
500 100 0.49
500 125 0.49
500 150 0.49
500 175 0.49
500 200 0.49
500 225 0.49
500 250 0.49
500 275 0.49
500 300 0.49
500 325 0.49
475 25 0.49
475 50 0.49
475 75 0.49
475 100 0.49
475 125 0.49
475 150 0.49
475 175 0.49
475 200 0.49
475 225 0.49
475 250 0.49
475 275 0.49
475 300 0.49
450 25 0.49
450 50 0.49
450 75 0.49
450 100 0.49
450 125 0.49
450 150 0.49
450 175 0.49
450 200 0.49
450 225 0.49
450 250 0.49
450 275 0.49
450 300 0.49
425 25 0.49
425 50 0.49
425 75 0.49
425 100 0.49
425 125 0.49
425 150 0.49
425 175 0.49
425 200 0.49
425 225 0.49
425 250 0.49
425 275 0.49
400 25 0.49
400 50 0.49
400 75 0.49
400 100 0.49
400 125 0.49
400 150 0.49
400 175 0.49
400 200 0.49
400 225 0.49
400 250 0.49
375 25 0.49
375 50 0.49
375 75 0.49
375 100 0.49
375 125 0.49
375 150 0.49
375 175 0.49
375 200 0.49
375 225 0.49
375 250 0.49
350 25 0.49
350 50 0.49
350 75 0.49
350 100 0.49
350 125 0.49
350 150 0.49
350 175 0.49
350 200 0.49
350 225 0.49
325 25 0.49
325 50 0.49
325 75 0.49
325 100 0.49
325 125 0.49
325 150 0.49
325 175 0.49
325 200 0.49
300 25 0.49
300 50 0.49
300 75 0.49
300 100 0.49
300 125 0.49
300 150 0.49
300 175 0.49
300 200 0.49
275 25 0.49
275 50 0.49
275 75 0.49
275 100 0.49
275 125 0.49
275 150 0.49
275 175 0.49
250 25 0.49
250 50 0.49
250 75 0.49
250 100 0.49
250 125 0.49
250 150 0.49
225 25 0.49
225 50 0.49
225 75 0.49
225 100 0.49
225 125 0.49
225 150 0.49
200 25 0.49
200 50 0.49
200 75 0.49
200 100 0.49
200 125 0.49
175 25 0.49
175 50 0.49
175 75 0.49
175 100 0.49
150 25 0.49
150 50 0.49
150 75 0.48
150 100 0.48
125 25 0.46
125 50 0.46
125 75 0.45
100 25 0.43
100 50 0.43
75 25 0.39
75 50 0.39
50 25 0.34
25 500 0.14
50 500 0.21
75 500 0.26
100 500 0.3
125 500 0.33
150 500 0.36
175 500 0.39
200 500 0.41
225 500 0.43
250 500 0.44
275 500 0.46
300 500 0.47
325 500 0.49
25 475 0.15
50 475 0.22
75 475 0.27
100 475 0.31
125 475 0.34
150 475 0.37
175 475 0.39
200 475 0.42
225 475 0.43
250 475 0.45
275 475 0.47
300 475 0.48
25 450 0.16
50 450 0.23
75 450 0.28
100 450 0.32
125 450 0.35
150 450 0.38
175 450 0.4
200 450 0.42
225 450 0.44
250 450 0.46
275 450 0.47
300 450 0.49
25 425 0.17
50 425 0.24
75 425 0.29
100 425 0.33
125 425 0.36
150 425 0.39
175 425 0.41
200 425 0.43
225 425 0.45
250 425 0.47
275 425 0.48
25 400 0.18
50 400 0.25
75 400 0.3
100 400 0.34
125 400 0.37
150 400 0.4
175 400 0.42
200 400 0.44
225 400 0.46
250 400 0.48
25 375 0.19
50 375 0.26
75 375 0.31
100 375 0.35
125 375 0.38
150 375 0.41
175 375 0.43
200 375 0.45
225 375 0.47
250 375 0.48
25 350 0.2
50 350 0.27
75 350 0.32
100 350 0.36
125 350 0.39
150 350 0.41
175 350 0.44
200 350 0.46
225 350 0.48
25 325 0.21
50 325 0.28
75 325 0.33
100 325 0.36
125 325 0.4
150 325 0.42
175 325 0.44
200 325 0.47
25 300 0.21
50 300 0.29
75 300 0.33
100 300 0.37
125 300 0.4
150 300 0.43
175 300 0.45
200 300 0.47
25 275 0.22
50 275 0.29
75 275 0.34
100 275 0.38
125 275 0.41
150 275 0.44
175 275 0.46
25 250 0.23
50 250 0.3
75 250 0.35
100 250 0.39
125 250 0.42
150 250 0.44
25 225 0.24
50 225 0.31
75 225 0.36
100 225 0.39
125 225 0.42
150 225 0.45
25 200 0.24
50 200 0.31
75 200 0.36
100 200 0.4
125 200 0.43
25 175 0.25
50 175 0.32
75 175 0.37
100 175 0.4
25 150 0.25
50 150 0.32
75 150 0.37
100 150 0.41
25 125 0.26
50 125 0.33
75 125 0.38
25 100 0.26
50 100 0.33
25 75 0.26
50 75 0.33
25 50 0.27