500 25
500 50
500 75
500 100
500 125
500 150
500 175
500 200
500 225
500 250
500 275
500 300
500 325
475 25
475 50
475 75
475 100
475 125
475 150
475 175
475 200
475 225
475 250
475 275
475 300
450 25
450 50
450 75
450 100
450 125
450 150
450 175
450 200
450 225
450 250
450 275
450 300
425 25
425 50
425 75
425 100
425 125
425 150
425 175
425 200
425 225
425 250
425 275
400 25
400 50
400 75
400 100
400 125
400 150
400 175
400 200
400 225
400 250
375 25
375 50
375 75
375 100
375 125
375 150
375 175
375 200
375 225
375 250
350 25
350 50
350 75
350 100
350 125
350 150
350 175
350 200
350 225
325 25
325 50
325 75
325 100
325 125
325 150
325 175
325 200
300 25
300 50
300 75
300 100
300 125
300 150
300 175
300 200
275 25
275 50
275 75
275 100
275 125
275 150
275 175
250 25
250 50
250 75
250 100
250 125
250 150
225 25
225 50
225 75
225 100
225 125
225 150
200 25
200 50
200 75
200 100
200 125
175 25
175 50
175 75
175 100
150 25
150 50
150 75
150 100
125 25
125 50
125 75
100 25
100 50
75 25
75 50
50 25
25 500
50 500
75 500
100 500
125 500
150 500
175 500
200 500
225 500
250 500
275 500
300 500
325 500
25 475
50 475
75 475
100 475
125 475
150 475
175 475
200 475
225 475
250 475
275 475
300 475
25 450
50 450
75 450
100 450
125 450
150 450
175 450
200 450
225 450
250 450
275 450
300 450
25 425
50 425
75 425
100 425
125 425
150 425
175 425
200 425
225 425
250 425
275 425
25 400
50 400
75 400
100 400
125 400
150 400
175 400
200 400
225 400
250 400
25 375
50 375
75 375
100 375
125 375
150 375
175 375
200 375
225 375
250 375
25 350
50 350
75 350
100 350
125 350
150 350
175 350
200 350
225 350
25 325
50 325
75 325
100 325
125 325
150 325
175 325
200 325
25 300
50 300
75 300
100 300
125 300
150 300
175 300
200 300
25 275
50 275
75 275
100 275
125 275
150 275
175 275
25 250
50 250
75 250
100 250
125 250
150 250
25 225
50 225
75 225
100 225
125 225
150 225
25 200
50 200
75 200
100 200
125 200
25 175
50 175
75 175
100 175
25 150
50 150
75 150
100 150
25 125
50 125
75 125
25 100
50 100
25 75
50 75
25 50