0.01 0.02 0.97
0.01 0.03 0.96
0.01 0.04 0.95
0.01 0.05 0.94
0.01 0.06 0.93
0.01 0.07 0.92
0.01 0.08 0.91
0.01 0.09 0.90
0.01 0.10 0.89
0.01 0.11 0.88
0.01 0.12 0.87
0.01 0.13 0.86
0.01 0.14 0.85
0.01 0.15 0.84
0.01 0.16 0.83
0.01 0.17 0.82
0.01 0.18 0.81
0.01 0.19 0.80
0.01 0.20 0.79
0.01 0.21 0.78
0.01 0.22 0.77
0.01 0.23 0.76
0.01 0.24 0.75
0.01 0.25 0.74
0.01 0.26 0.73
0.01 0.27 0.72
0.01 0.28 0.71
0.01 0.29 0.70
0.01 0.30 0.69
0.01 0.31 0.68
0.01 0.32 0.67
0.01 0.33 0.66
0.01 0.34 0.65
0.01 0.35 0.64
0.01 0.36 0.63
0.01 0.37 0.62
0.01 0.38 0.61
0.01 0.39 0.60
0.01 0.40 0.59
0.01 0.41 0.58
0.01 0.42 0.57
0.01 0.43 0.56
0.01 0.44 0.55
0.01 0.45 0.54
0.01 0.46 0.53
0.01 0.47 0.52
0.01 0.48 0.51
0.01 0.49 0.50
0.02 0.03 0.95
0.02 0.04 0.94
0.02 0.05 0.93
0.02 0.06 0.92
0.02 0.07 0.91
0.02 0.08 0.90
0.02 0.09 0.89
0.02 0.10 0.88
0.02 0.11 0.87
0.02 0.12 0.86
0.02 0.13 0.85
0.02 0.14 0.84
0.02 0.15 0.83
0.02 0.16 0.82
0.02 0.17 0.81
0.02 0.18 0.80
0.02 0.19 0.79
0.02 0.20 0.78
0.02 0.21 0.77
0.02 0.22 0.76
0.02 0.23 0.75
0.02 0.24 0.74
0.02 0.25 0.73
0.02 0.26 0.72
0.02 0.27 0.71
0.02 0.28 0.70
0.02 0.29 0.69
0.02 0.30 0.68
0.02 0.31 0.67
0.02 0.32 0.66
0.02 0.33 0.65
0.02 0.34 0.64
0.02 0.35 0.63
0.02 0.36 0.62
0.02 0.37 0.61
0.02 0.38 0.60
0.02 0.39 0.59
0.02 0.40 0.58
0.02 0.41 0.57
0.02 0.42 0.56
0.02 0.43 0.55
0.02 0.44 0.54
0.02 0.45 0.53
0.02 0.46 0.52
0.02 0.47 0.51
0.02 0.48 0.50
0.03 0.04 0.93
0.03 0.05 0.92
0.03 0.06 0.91
0.03 0.07 0.90
0.03 0.08 0.89
0.03 0.09 0.88
0.03 0.10 0.87
0.03 0.11 0.86
0.03 0.12 0.85
0.03 0.13 0.84
0.03 0.14 0.83
0.03 0.15 0.82
0.03 0.16 0.81
0.03 0.17 0.80
0.03 0.18 0.79
0.03 0.19 0.78
0.03 0.20 0.77
0.03 0.21 0.76
0.03 0.22 0.75
0.03 0.23 0.74
0.03 0.24 0.73
0.03 0.25 0.72
0.03 0.26 0.71
0.03 0.27 0.70
0.03 0.28 0.69
0.03 0.29 0.68
0.03 0.30 0.67
0.03 0.31 0.66
0.03 0.32 0.65
0.03 0.33 0.64
0.03 0.34 0.63
0.03 0.35 0.62
0.03 0.36 0.61
0.03 0.37 0.60
0.03 0.38 0.59
0.03 0.39 0.58
0.03 0.40 0.57
0.03 0.41 0.56
0.03 0.42 0.55
0.03 0.43 0.54
0.03 0.44 0.53
0.03 0.45 0.52
0.03 0.46 0.51
0.03 0.47 0.50
0.03 0.48 0.49
0.04 0.05 0.91
0.04 0.06 0.90
0.04 0.07 0.89
0.04 0.08 0.88
0.04 0.09 0.87
0.04 0.10 0.86
0.04 0.11 0.85
0.04 0.12 0.84
0.04 0.13 0.83
0.04 0.14 0.82
0.04 0.15 0.81
0.04 0.16 0.80
0.04 0.17 0.79
0.04 0.18 0.78
0.04 0.19 0.77
0.04 0.20 0.76
0.04 0.21 0.75
0.04 0.22 0.74
0.04 0.23 0.73
0.04 0.24 0.72
0.04 0.25 0.71
0.04 0.26 0.70
0.04 0.27 0.69
0.04 0.28 0.68
0.04 0.29 0.67
0.04 0.30 0.66
0.04 0.31 0.65
0.04 0.32 0.64
0.04 0.33 0.63
0.04 0.34 0.62
0.04 0.35 0.61
0.04 0.36 0.60
0.04 0.37 0.59
0.04 0.38 0.58
0.04 0.39 0.57
0.04 0.40 0.56
0.04 0.41 0.55
0.04 0.42 0.54
0.04 0.43 0.53
0.04 0.44 0.52
0.04 0.45 0.51
0.04 0.46 0.50
0.04 0.47 0.49
0.05 0.06 0.89
0.05 0.07 0.88
0.05 0.08 0.87
0.05 0.09 0.86
0.05 0.10 0.85
0.05 0.11 0.84
0.05 0.12 0.83
0.05 0.13 0.82
0.05 0.14 0.81
0.05 0.15 0.80
0.05 0.16 0.79
0.05 0.17 0.78
0.05 0.18 0.77
0.05 0.19 0.76
0.05 0.20 0.75
0.05 0.21 0.74
0.05 0.22 0.73
0.05 0.23 0.72
0.05 0.24 0.71
0.05 0.25 0.70
0.05 0.26 0.69
0.05 0.27 0.68
0.05 0.28 0.67
0.05 0.29 0.66
0.05 0.30 0.65
0.05 0.31 0.64
0.05 0.32 0.63
0.05 0.33 0.62
0.05 0.34 0.61
0.05 0.35 0.60
0.05 0.36 0.59
0.05 0.37 0.58
0.05 0.38 0.57
0.05 0.39 0.56
0.05 0.40 0.55
0.05 0.41 0.54
0.05 0.42 0.53
0.05 0.43 0.52
0.05 0.44 0.51
0.05 0.45 0.50
0.05 0.46 0.49
0.05 0.47 0.48
0.06 0.07 0.87
0.06 0.08 0.86
0.06 0.09 0.85
0.06 0.10 0.84
0.06 0.11 0.83
0.06 0.12 0.82
0.06 0.13 0.81
0.06 0.14 0.80
0.06 0.15 0.79
0.06 0.16 0.78
0.06 0.17 0.77
0.06 0.18 0.76
0.06 0.19 0.75
0.06 0.20 0.74
0.06 0.21 0.73
0.06 0.22 0.72
0.06 0.23 0.71
0.06 0.24 0.70
0.06 0.25 0.69
0.06 0.26 0.68
0.06 0.27 0.67
0.06 0.28 0.66
0.06 0.29 0.65
0.06 0.30 0.64
0.06 0.31 0.63
0.06 0.32 0.62
0.06 0.33 0.61
0.06 0.34 0.60
0.06 0.35 0.59
0.06 0.36 0.58
0.06 0.37 0.57
0.06 0.38 0.56
0.06 0.39 0.55
0.06 0.40 0.54
0.06 0.41 0.53
0.06 0.42 0.52
0.06 0.43 0.51
0.06 0.44 0.50
0.06 0.45 0.49
0.06 0.46 0.48
0.07 0.08 0.85
0.07 0.09 0.84
0.07 0.10 0.83
0.07 0.11 0.82
0.07 0.12 0.81
0.07 0.13 0.80
0.07 0.14 0.79
0.07 0.15 0.78
0.07 0.16 0.77
0.07 0.17 0.76
0.07 0.18 0.75
0.07 0.19 0.74
0.07 0.20 0.73
0.07 0.21 0.72
0.07 0.22 0.71
0.07 0.23 0.70
0.07 0.24 0.69
0.07 0.25 0.68
0.07 0.26 0.67
0.07 0.27 0.66
0.07 0.28 0.65
0.07 0.29 0.64
0.07 0.30 0.63
0.07 0.31 0.62
0.07 0.32 0.61
0.07 0.33 0.60
0.07 0.34 0.59
0.07 0.35 0.58
0.07 0.36 0.57
0.07 0.37 0.56
0.07 0.38 0.55
0.07 0.39 0.54
0.07 0.40 0.53
0.07 0.41 0.52
0.07 0.42 0.51
0.07 0.43 0.50
0.07 0.44 0.49
0.07 0.45 0.48
0.07 0.46 0.47
0.08 0.09 0.83
0.08 0.10 0.82
0.08 0.11 0.81
0.08 0.12 0.80
0.08 0.13 0.79
0.08 0.14 0.78
0.08 0.15 0.77
0.08 0.16 0.76
0.08 0.17 0.75
0.08 0.18 0.74
0.08 0.19 0.73
0.08 0.20 0.72
0.08 0.21 0.71
0.08 0.22 0.70
0.08 0.23 0.69
0.08 0.24 0.68
0.08 0.25 0.67
0.08 0.26 0.66
0.08 0.27 0.65
0.08 0.28 0.64
0.08 0.29 0.63
0.08 0.30 0.62
0.08 0.31 0.61
0.08 0.32 0.60
0.08 0.33 0.59
0.08 0.34 0.58
0.08 0.35 0.57
0.08 0.36 0.56
0.08 0.37 0.55
0.08 0.38 0.54
0.08 0.39 0.53
0.08 0.40 0.52
0.08 0.41 0.51
0.08 0.42 0.50
0.08 0.43 0.49
0.08 0.44 0.48
0.08 0.45 0.47
0.09 0.10 0.81
0.09 0.11 0.80
0.09 0.12 0.79
0.09 0.13 0.78
0.09 0.14 0.77
0.09 0.15 0.76
0.09 0.16 0.75
0.09 0.17 0.74
0.09 0.18 0.73
0.09 0.19 0.72
0.09 0.20 0.71
0.09 0.21 0.70
0.09 0.22 0.69
0.09 0.23 0.68
0.09 0.24 0.67
0.09 0.25 0.66
0.09 0.26 0.65
0.09 0.27 0.64
0.09 0.28 0.63
0.09 0.29 0.62
0.09 0.30 0.61
0.09 0.31 0.60
0.09 0.32 0.59
0.09 0.33 0.58
0.09 0.34 0.57
0.09 0.35 0.56
0.09 0.36 0.55
0.09 0.37 0.54
0.09 0.38 0.53
0.09 0.39 0.52
0.09 0.40 0.51
0.09 0.41 0.50
0.09 0.42 0.49
0.09 0.43 0.48
0.09 0.44 0.47
0.09 0.45 0.46
0.10 0.11 0.79
0.10 0.12 0.78
0.10 0.13 0.77
0.10 0.14 0.76
0.10 0.15 0.75
0.10 0.16 0.74
0.10 0.17 0.73
0.10 0.18 0.72
0.10 0.19 0.71
0.10 0.20 0.70
0.10 0.21 0.69
0.10 0.22 0.68
0.10 0.23 0.67
0.10 0.24 0.66
0.10 0.25 0.65
0.10 0.26 0.64
0.10 0.27 0.63
0.10 0.28 0.62
0.10 0.29 0.61
0.10 0.30 0.60
0.10 0.31 0.59
0.10 0.32 0.58
0.10 0.33 0.57
0.10 0.34 0.56
0.10 0.35 0.55
0.10 0.36 0.54
0.10 0.37 0.53
0.10 0.38 0.52
0.10 0.39 0.51
0.10 0.40 0.50
0.10 0.41 0.49
0.10 0.42 0.48
0.10 0.43 0.47
0.10 0.44 0.46
0.11 0.12 0.77
0.11 0.13 0.76
0.11 0.14 0.75
0.11 0.15 0.74
0.11 0.16 0.73
0.11 0.17 0.72
0.11 0.18 0.71
0.11 0.19 0.70
0.11 0.20 0.69
0.11 0.21 0.68
0.11 0.22 0.67
0.11 0.23 0.66
0.11 0.24 0.65
0.11 0.25 0.64
0.11 0.26 0.63
0.11 0.27 0.62
0.11 0.28 0.61
0.11 0.29 0.60
0.11 0.30 0.59
0.11 0.31 0.58
0.11 0.32 0.57
0.11 0.33 0.56
0.11 0.34 0.55
0.11 0.35 0.54
0.11 0.36 0.53
0.11 0.37 0.52
0.11 0.38 0.51
0.11 0.39 0.50
0.11 0.40 0.49
0.11 0.41 0.48
0.11 0.42 0.47
0.11 0.43 0.46
0.11 0.44 0.45
0.12 0.13 0.75
0.12 0.14 0.74
0.12 0.15 0.73
0.12 0.16 0.72
0.12 0.17 0.71
0.12 0.18 0.70
0.12 0.19 0.69
0.12 0.20 0.68
0.12 0.21 0.67
0.12 0.22 0.66
0.12 0.23 0.65
0.12 0.24 0.64
0.12 0.25 0.63
0.12 0.26 0.62
0.12 0.27 0.61
0.12 0.28 0.60
0.12 0.29 0.59
0.12 0.30 0.58
0.12 0.31 0.57
0.12 0.32 0.56
0.12 0.33 0.55
0.12 0.34 0.54
0.12 0.35 0.53
0.12 0.36 0.52
0.12 0.37 0.51
0.12 0.38 0.50
0.12 0.39 0.49
0.12 0.40 0.48
0.12 0.41 0.47
0.12 0.42 0.46
0.12 0.43 0.45
0.13 0.14 0.73
0.13 0.15 0.72
0.13 0.16 0.71
0.13 0.17 0.70
0.13 0.18 0.69
0.13 0.19 0.68
0.13 0.20 0.67
0.13 0.21 0.66
0.13 0.22 0.65
0.13 0.23 0.64
0.13 0.24 0.63
0.13 0.25 0.62
0.13 0.26 0.61
0.13 0.27 0.60
0.13 0.28 0.59
0.13 0.29 0.58
0.13 0.30 0.57
0.13 0.31 0.56
0.13 0.32 0.55
0.13 0.33 0.54
0.13 0.34 0.53
0.13 0.35 0.52
0.13 0.36 0.51
0.13 0.37 0.50
0.13 0.38 0.49
0.13 0.39 0.48
0.13 0.40 0.47
0.13 0.41 0.46
0.13 0.42 0.45
0.13 0.43 0.44
0.14 0.15 0.71
0.14 0.16 0.70
0.14 0.17 0.69
0.14 0.18 0.68
0.14 0.19 0.67
0.14 0.20 0.66
0.14 0.21 0.65
0.14 0.22 0.64
0.14 0.23 0.63
0.14 0.24 0.62
0.14 0.25 0.61
0.14 0.26 0.60
0.14 0.27 0.59
0.14 0.28 0.58
0.14 0.29 0.57
0.14 0.30 0.56
0.14 0.31 0.55
0.14 0.32 0.54
0.14 0.33 0.53
0.14 0.34 0.52
0.14 0.35 0.51
0.14 0.36 0.50
0.14 0.37 0.49
0.14 0.38 0.48
0.14 0.39 0.47
0.14 0.40 0.46
0.14 0.41 0.45
0.14 0.42 0.44
0.15 0.16 0.69
0.15 0.17 0.68
0.15 0.18 0.67
0.15 0.19 0.66
0.15 0.20 0.65
0.15 0.21 0.64
0.15 0.22 0.63
0.15 0.23 0.62
0.15 0.24 0.61
0.15 0.25 0.60
0.15 0.26 0.59
0.15 0.27 0.58
0.15 0.28 0.57
0.15 0.29 0.56
0.15 0.30 0.55
0.15 0.31 0.54
0.15 0.32 0.53
0.15 0.33 0.52
0.15 0.34 0.51
0.15 0.35 0.50
0.15 0.36 0.49
0.15 0.37 0.48
0.15 0.38 0.47
0.15 0.39 0.46
0.15 0.40 0.45
0.15 0.41 0.44
0.15 0.42 0.43
0.16 0.17 0.67
0.16 0.18 0.66
0.16 0.19 0.65
0.16 0.20 0.64
0.16 0.21 0.63
0.16 0.22 0.62
0.16 0.23 0.61
0.16 0.24 0.60
0.16 0.25 0.59
0.16 0.26 0.58
0.16 0.27 0.57
0.16 0.28 0.56
0.16 0.29 0.55
0.16 0.30 0.54
0.16 0.31 0.53
0.16 0.32 0.52
0.16 0.33 0.51
0.16 0.34 0.50
0.16 0.35 0.49
0.16 0.36 0.48
0.16 0.37 0.47
0.16 0.38 0.46
0.16 0.39 0.45
0.16 0.40 0.44
0.16 0.41 0.43
0.17 0.18 0.65
0.17 0.19 0.64
0.17 0.20 0.63
0.17 0.21 0.62
0.17 0.22 0.61
0.17 0.23 0.60
0.17 0.24 0.59
0.17 0.25 0.58
0.17 0.26 0.57
0.17 0.27 0.56
0.17 0.28 0.55
0.17 0.29 0.54
0.17 0.30 0.53
0.17 0.31 0.52
0.17 0.32 0.51
0.17 0.33 0.50
0.17 0.34 0.49
0.17 0.35 0.48
0.17 0.36 0.47
0.17 0.37 0.46
0.17 0.38 0.45
0.17 0.39 0.44
0.17 0.40 0.43
0.17 0.41 0.42
0.18 0.19 0.63
0.18 0.20 0.62
0.18 0.21 0.61
0.18 0.22 0.60
0.18 0.23 0.59
0.18 0.24 0.58
0.18 0.25 0.57
0.18 0.26 0.56
0.18 0.27 0.55
0.18 0.28 0.54
0.18 0.29 0.53
0.18 0.30 0.52
0.18 0.31 0.51
0.18 0.32 0.50
0.18 0.33 0.49
0.18 0.34 0.48
0.18 0.35 0.47
0.18 0.36 0.46
0.18 0.37 0.45
0.18 0.38 0.44
0.18 0.39 0.43
0.18 0.40 0.42
0.19 0.20 0.61
0.19 0.21 0.60
0.19 0.22 0.59
0.19 0.23 0.58
0.19 0.24 0.57
0.19 0.25 0.56
0.19 0.26 0.55
0.19 0.27 0.54
0.19 0.28 0.53
0.19 0.29 0.52
0.19 0.30 0.51
0.19 0.31 0.50
0.19 0.32 0.49
0.19 0.33 0.48
0.19 0.34 0.47
0.19 0.35 0.46
0.19 0.36 0.45
0.19 0.37 0.44
0.19 0.38 0.43
0.19 0.39 0.42
0.19 0.40 0.41
0.20 0.21 0.59
0.20 0.22 0.58
0.20 0.23 0.57
0.20 0.24 0.56
0.20 0.25 0.55
0.20 0.26 0.54
0.20 0.27 0.53
0.20 0.28 0.52
0.20 0.29 0.51
0.20 0.30 0.50
0.20 0.31 0.49
0.20 0.32 0.48
0.20 0.33 0.47
0.20 0.34 0.46
0.20 0.35 0.45
0.20 0.36 0.44
0.20 0.37 0.43
0.20 0.38 0.42
0.20 0.39 0.41
0.21 0.22 0.57
0.21 0.23 0.56
0.21 0.24 0.55
0.21 0.25 0.54
0.21 0.26 0.53
0.21 0.27 0.52
0.21 0.28 0.51
0.21 0.29 0.50
0.21 0.30 0.49
0.21 0.31 0.48
0.21 0.32 0.47
0.21 0.33 0.46
0.21 0.34 0.45
0.21 0.35 0.44
0.21 0.36 0.43
0.21 0.37 0.42
0.21 0.38 0.41
0.21 0.39 0.40
0.22 0.23 0.55
0.22 0.24 0.54
0.22 0.25 0.53
0.22 0.26 0.52
0.22 0.27 0.51
0.22 0.28 0.50
0.22 0.29 0.49
0.22 0.30 0.48
0.22 0.31 0.47
0.22 0.32 0.46
0.22 0.33 0.45
0.22 0.34 0.44
0.22 0.35 0.43
0.22 0.36 0.42
0.22 0.37 0.41
0.22 0.38 0.40
0.23 0.24 0.53
0.23 0.25 0.52
0.23 0.26 0.51
0.23 0.27 0.50
0.23 0.28 0.49
0.23 0.29 0.48
0.23 0.30 0.47
0.23 0.31 0.46
0.23 0.32 0.45
0.23 0.33 0.44
0.23 0.34 0.43
0.23 0.35 0.42
0.23 0.36 0.41
0.23 0.37 0.40
0.23 0.38 0.39
0.24 0.25 0.51
0.24 0.26 0.50
0.24 0.27 0.49
0.24 0.28 0.48
0.24 0.29 0.47
0.24 0.30 0.46
0.24 0.31 0.45
0.24 0.32 0.44
0.24 0.33 0.43
0.24 0.34 0.42
0.24 0.35 0.41
0.24 0.36 0.40
0.24 0.37 0.39
0.25 0.26 0.49
0.25 0.27 0.48
0.25 0.28 0.47
0.25 0.29 0.46
0.25 0.30 0.45
0.25 0.31 0.44
0.25 0.32 0.43
0.25 0.33 0.42
0.25 0.34 0.41
0.25 0.35 0.40
0.25 0.36 0.39
0.25 0.37 0.38
0.26 0.27 0.47
0.26 0.28 0.46
0.26 0.29 0.45
0.26 0.30 0.44
0.26 0.31 0.43
0.26 0.32 0.42
0.26 0.33 0.41
0.26 0.34 0.40
0.26 0.35 0.39
0.26 0.36 0.38
0.27 0.28 0.45
0.27 0.29 0.44
0.27 0.30 0.43
0.27 0.31 0.42
0.27 0.32 0.41
0.27 0.33 0.40
0.27 0.34 0.39
0.27 0.35 0.38
0.27 0.36 0.37
0.28 0.29 0.43
0.28 0.30 0.42
0.28 0.31 0.41
0.28 0.32 0.40
0.28 0.33 0.39
0.28 0.34 0.38
0.28 0.35 0.37
0.29 0.30 0.41
0.29 0.31 0.40
0.29 0.32 0.39
0.29 0.33 0.38
0.29 0.34 0.37
0.29 0.35 0.36
0.30 0.31 0.39
0.30 0.32 0.38
0.30 0.33 0.37
0.30 0.34 0.36
0.31 0.32 0.37
0.31 0.33 0.36
0.31 0.34 0.35
0.32 0.33 0.35
