500 25 84.57 38.13 0.49
500 50 84.57 37.2 0.49
500 75 84.57 36.27 0.49
500 100 84.57 35.35 0.49
500 125 84.57 34.44 0.49
500 150 84.57 33.55 0.49
500 175 84.57 32.66 0.49
500 200 84.57 31.8 0.49
500 225 84.57 30.95 0.49
500 250 84.57 30.11 0.49
500 275 84.57 29.3 0.49
500 300 84.57 28.5 0.49
500 325 84.57 27.72 0.49
475 25 89.76 39.06 0.49
475 50 89.76 38.13 0.49
475 75 89.76 37.2 0.49
475 100 89.76 36.27 0.49
475 125 89.76 35.35 0.49
475 150 89.76 34.44 0.49
475 175 89.76 33.55 0.49
475 200 89.76 32.66 0.49
475 225 89.76 31.8 0.49
475 250 89.76 30.95 0.49
475 275 89.76 30.11 0.49
475 300 89.76 29.3 0.49
450 25 95.4 39.99 0.49
450 50 95.4 39.06 0.49
450 75 95.4 38.13 0.49
450 100 95.4 37.2 0.49
450 125 95.4 36.27 0.49
450 150 95.4 35.35 0.49
450 175 95.4 34.44 0.49
450 200 95.4 33.55 0.49
450 225 95.4 32.66 0.49
450 250 95.4 31.8 0.49
450 275 95.4 30.95 0.49
450 300 95.4 30.11 0.49
425 25 101.54 40.92 0.49
425 50 101.54 39.99 0.49
425 75 101.54 39.06 0.49
425 100 101.54 38.13 0.49
425 125 101.54 37.2 0.49
425 150 101.54 36.27 0.49
425 175 101.54 35.35 0.49
425 200 101.54 34.44 0.49
425 225 101.54 33.55 0.49
425 250 101.54 32.66 0.49
425 275 101.54 31.8 0.49
400 25 108.24 41.84 0.49
400 50 108.24 40.92 0.49
400 75 108.24 39.99 0.49
400 100 108.24 39.06 0.49
400 125 108.24 38.13 0.49
400 150 108.24 37.2 0.49
400 175 108.24 36.27 0.49
400 200 108.24 35.35 0.49
400 225 108.24 34.44 0.49
400 250 108.24 33.55 0.49
375 25 115.58 42.75 0.49
375 50 115.58 41.84 0.49
375 75 115.58 40.92 0.49
375 100 115.58 39.99 0.49
375 125 115.58 39.06 0.49
375 150 115.58 38.13 0.49
375 175 115.58 37.2 0.49
375 200 115.58 36.27 0.49
375 225 115.58 35.35 0.49
375 250 115.58 34.44 0.49
350 25 123.64 43.64 0.49
350 50 123.64 42.75 0.49
350 75 123.64 41.84 0.49
350 100 123.64 40.92 0.49
350 125 123.64 39.99 0.49
350 150 123.64 39.06 0.49
350 175 123.64 38.13 0.49
350 200 123.64 37.2 0.49
350 225 123.64 36.27 0.49
325 25 132.51 44.51 0.49
325 50 132.51 43.64 0.49
325 75 132.51 42.75 0.49
325 100 132.51 41.84 0.49
325 125 132.51 40.92 0.49
325 150 132.51 39.99 0.49
325 175 132.51 39.06 0.49
325 200 132.51 38.13 0.49
300 25 142.34 45.35 0.49
300 50 142.34 44.51 0.49
300 75 142.34 43.64 0.49
300 100 142.34 42.75 0.49
300 125 142.34 41.84 0.49
300 150 142.34 40.92 0.49
300 175 142.34 39.99 0.49
300 200 142.34 39.06 0.49
275 25 153.28 46.15 0.49
275 50 153.28 45.35 0.49
275 75 153.28 44.51 0.49
275 100 153.28 43.64 0.49
275 125 153.28 42.75 0.49
275 150 153.28 41.84 0.49
275 175 153.28 40.92 0.49
250 25 165.51 46.92 0.49
250 50 165.51 46.15 0.49
250 75 165.51 45.35 0.49
250 100 165.51 44.51 0.49
250 125 165.51 43.64 0.49
250 150 165.51 42.75 0.49
225 25 179.32 47.65 0.49
225 50 179.32 46.92 0.49
225 75 179.32 46.15 0.49
225 100 179.32 45.35 0.49
225 125 179.32 44.51 0.49
225 150 179.32 43.64 0.49
200 25 195.04 48.33 0.49
200 50 195.04 47.65 0.49
200 75 195.04 46.92 0.49
200 100 195.04 46.15 0.49
200 125 195.04 45.35 0.49
175 25 213.16 48.95 0.49
175 50 213.16 48.33 0.49
175 75 213.16 47.65 0.49
175 100 213.16 46.92 0.49
150 25 234.4 49.52 0.49
150 50 234.4 48.95 0.49
150 75 232.97 49.69 0.48
150 100 232.97 48.99 0.48
125 25 255.41 54.39 0.46
125 50 255.41 53.83 0.46
125 75 253.87 54.67 0.45
100 25 282.08 59.6 0.43
100 50 282.08 59.05 0.43
75 25 315.99 66.95 0.39
75 50 315.99 66.41 0.39
50 25 364.14 77.13 0.34
25 500 399.96 85.02 0.14
50 500 329.67 70.57 0.21
75 500 287.19 61.45 0.26
100 500 256.73 54.73 0.3
125 500 232.27 49.82 0.33
150 500 213.16 45.35 0.36
175 500 197.66 41.26 0.39
200 500 183.12 38.35 0.41
225 500 170.73 35.64 0.43
250 500 158.57 33.87 0.44
275 500 149.28 31.45 0.46
300 500 139.76 29.88 0.47
325 500 132.51 27.72 0.49
25 475 404.91 86.1 0.15
50 475 332.99 71.31 0.22
75 475 289.86 62.01 0.27
100 475 259.03 55.18 0.31
125 475 234.34 50.2 0.34
150 475 215.04 45.66 0.37
175 475 197.66 42.45 0.39
200 475 184.72 38.57 0.42
225 475 170.73 36.66 0.43
250 475 160.01 34.04 0.45
275 475 150.63 31.59 0.47
300 475 141.06 30.01 0.48
25 450 409.55 87.09 0.16
50 450 336.17 71.97 0.23
75 450 292.44 62.51 0.28
100 450 261.26 55.57 0.32
125 450 236.35 50.53 0.35
150 450 216.87 45.93 0.38
175 450 199.37 42.69 0.4
200 450 184.72 39.66 0.42
225 450 172.23 36.83 0.44
250 450 161.43 34.19 0.46
275 450 150.63 32.48 0.47
300 450 142.34 30.11 0.49
25 425 413.91 87.96 0.17
50 425 339.21 72.55 0.24
75 425 294.93 62.94 0.29
100 425 263.42 55.91 0.33
125 425 238.31 50.81 0.36
150 425 218.65 46.16 0.39
175 425 201.04 42.89 0.41
200 425 186.29 39.83 0.43
225 425 173.71 36.98 0.45
250 425 162.82 34.3 0.47
275 425 151.97 32.58 0.48
25 400 418.02 88.71 0.18
50 400 342.13 73.03 0.25
75 400 297.33 63.29 0.3
100 400 265.52 56.19 0.34
125 400 240.22 51.04 0.37
150 400 220.39 46.34 0.4
175 400 202.67 43.05 0.42
200 400 187.82 39.97 0.44
225 400 175.15 37.09 0.46
250 400 164.18 34.39 0.48
25 375 421.91 89.33 0.19
50 375 344.94 73.42 0.26
75 375 299.66 63.57 0.31
100 375 267.56 56.4 0.35
125 375 242.07 51.21 0.38
150 375 222.09 46.47 0.41
175 375 204.26 43.16 0.43
200 375 189.33 40.06 0.45
225 375 176.57 37.16 0.47
250 375 164.18 35.31 0.48
25 350 425.6 89.79 0.2
50 350 347.64 73.7 0.27
75 350 301.92 63.76 0.32
100 350 269.54 56.53 0.36
125 350 243.88 51.32 0.39
150 350 222.09 47.69 0.41
175 350 205.83 43.23 0.44
200 350 190.8 40.12 0.46
225 350 177.96 37.2 0.48
25 325 429.11 90.1 0.21
50 325 350.24 73.86 0.28
75 325 304.1 63.86 0.33
100 325 269.54 57.97 0.36
125 325 245.65 51.36 0.4
150 325 223.75 47.73 0.42
175 325 205.83 44.33 0.44
200 325 192.24 40.12 0.47
25 300 429.11 92.57 0.21
50 300 352.75 73.89 0.29
75 300 304.1 65.43 0.33
100 300 271.47 57.97 0.37
125 300 245.65 52.61 0.4
150 300 225.37 47.71 0.43
175 300 207.35 44.31 0.45
200 300 192.24 41.12 0.47
25 275 432.46 92.56 0.22
50 275 352.75 75.66 0.29
75 275 306.22 65.35 0.34
100 275 273.35 57.89 0.38
125 275 247.37 52.53 0.41
150 275 226.95 47.63 0.44
175 275 208.85 44.24 0.46
25 250 435.66 92.34 0.23
50 250 355.18 75.46 0.3
75 250 308.29 65.16 0.35
100 250 275.18 57.71 0.39
125 250 249.05 52.38 0.42
150 250 226.95 48.71 0.44
25 225 438.72 91.93 0.24
50 225 357.53 75.11 0.31
75 225 310.29 64.86 0.36
100 225 275.18 58.92 0.39
125 225 249.05 53.49 0.42
150 225 228.51 48.5 0.45
25 200 438.72 93.82 0.24
50 200 357.53 76.57 0.31
75 200 310.29 66.12 0.36
100 200 276.97 58.57 0.4
125 200 250.69 53.18 0.43
25 175 441.66 93 0.25
50 175 359.8 75.94 0.32
75 175 312.24 65.59 0.37
100 175 276.97 59.65 0.4
25 150 441.66 94.54 0.25
50 150 359.8 77.17 0.32
75 150 312.24 66.67 0.37
100 150 278.71 59.1 0.41
25 125 444.48 93.3 0.26
50 125 362 76.23 0.33
75 125 314.14 65.91 0.38
25 100 444.48 94.44 0.26
50 100 362 77.19 0.33
25 75 444.48 95.4 0.26
50 75 362 78.02 0.33
25 50 447.2 93.5 0.27
