0.25
0.29
0.34
0.38
0.41
0.43
0.45
0.46
0.47
0.48
0.51
0.3
0.34
0.38
0.41
0.44
0.45
0.47
0.47
0.48
0.48
0.51
0.3
0.34
0.38
0.41
0.43
0.45
0.47
0.47
0.48
0.48
0.51
0.3
0.34
0.38
0.41
0.43
0.45
0.47
0.47
0.48
0.48
0.51
0.29
0.34
0.38
0.41
0.43
0.45
0.46
0.47
0.48
0.49
0.51
0.29
0.34
0.38
0.41
0.43
0.45
0.46
0.47
0.48
0.49
0.51
0.29
0.34
0.38
0.41
0.43
0.45
0.46
0.47
0.48
0.49
0.51
0.29
0.34
0.38
0.41
0.43
0.45
0.46
0.47
0.48
0.48
0.51
0.29
0.34
0.38
0.41
0.43
0.45
0.46
0.47
0.48
0.48
0.51
0.29
0.34
0.38
0.41
0.43
0.45
0.46
0.47
0.48
0.48
0.51
0.29
0.34
0.38
0.41
0.43
0.45
0.46
0.47
0.48
0.48
0.51
0.29
0.34
0.38
0.41
0.43
0.45
0.46
0.47
0.48
0.48
0.51
0.25
0.29
0.34
0.37
0.4
0.43
0.45
0.46
0.47
0.48
0.51
0.25
0.29
0.34
0.37
0.4
0.43
0.45
0.46
0.47
0.48
0.51
0.25
0.29
0.33
0.37
0.4
0.43
0.45
0.46
0.47
0.48
0.51
0.25
0.29
0.33
0.37
0.4
0.43
0.45
0.46
0.47
0.48
0.51
0.25
0.29
0.33
0.37
0.4
0.43
0.45
0.46
0.47
0.48
0.51
0.25
0.29
0.33
0.37
0.4
0.43
0.45
0.46
0.47
0.48
0.51
0.25
0.29
0.33
0.37
0.4
0.43
0.45
0.46
0.47
0.48
0.51
0.25
0.29
0.33
0.37
0.4
0.43
0.45
0.46
0.47
0.48
0.51
0.25
0.29
0.33
0.37
0.4
0.43
0.45
0.46
0.47
0.48
0.51
0.25
0.29
0.33
0.37
0.4
0.43
0.45
0.46
0.47
0.48
0.51
0.25
0.29
0.34
0.37
0.41
0.43
0.45
0.46
0.47
0.48
0.51
0.25
0.29
0.34
0.37
0.4
0.43
0.45
0.46
0.47
0.48
0.51
0.25
0.29
0.34
0.37
0.4
0.43
0.45
0.46
0.47
0.48
0.51
0.25
0.29
0.34
0.37
0.4
0.43
0.45
0.46
0.47
0.48
0.51
0.25
0.29
0.34
0.37
0.4
0.43
0.45
0.46
0.47
0.48
0.51
0.25
0.29
0.34
0.37
0.4
0.43
0.45
0.46
0.47
0.48
0.51
0.25
0.29
0.34
0.37
0.4
0.43
0.45
0.46
0.47
0.48
0.51
0.25
0.29
0.34
0.37
0.4
0.43
0.45
0.46
0.47
0.48
0.51
0.25
0.29
0.34
0.37
0.4
0.43
0.45
0.46
0.47
0.48
0.51
0.25
0.29
0.34
0.37
0.4
0.43
0.45
0.46
0.47
0.48
0.51
0.25
0.29
0.34
0.37
0.41
0.43
0.45
0.46
0.47
0.48
0.51
0.25
0.29
0.34
0.37
0.41
0.43
0.45
0.46
0.47
0.48
0.51
0.25
0.29
0.34
0.37
0.41
0.43
0.45
0.46
0.47
0.48
0.51
0.25
0.29
0.34
0.37
0.41
0.43
0.45
0.46
0.47
0.48
0.51
0.25
0.29
0.34
0.37
0.41
0.43
0.45
0.46
0.47
0.48
0.51
0.25
0.29
0.34
0.37
0.4
0.43
0.45
0.46
0.47
0.48
0.51
0.25
0.29
0.34
0.37
0.4
0.43
0.45
0.46
0.47
0.48
0.51
0.25
0.29
0.34
0.37
0.4
0.43
0.45
0.46
0.47
0.48
0.51
0.25
0.29
0.34
0.38
0.41
0.43
0.45
0.46
0.47
0.48
0.51
0.25
0.29
0.34
0.37
0.41
0.43
0.45
0.46
0.47
0.48
0.51
0.25
0.29
0.34
0.38
0.41
0.43
0.45
0.46
0.47
0.48
0.51
0.25
0.29
0.34
0.37
0.41
0.43
0.45
0.46
0.47
0.48
0.51
0.25
0.29
0.34
0.37
0.41
0.43
0.45
0.46
0.47
0.48
0.51
0.25
0.29
0.34
0.37
0.41
0.43
0.45
0.46
0.47
0.48
0.51
0.25
0.29
0.34
0.38
0.41
0.43
0.45
0.46
0.47
0.48
0.51
0.25
0.29
0.34
0.38
0.41
0.43
0.45
0.46
0.47
0.48
0.51
0.25
0.29
0.34
0.37
0.41
0.43
0.45
0.46
0.47
0.48
0.51
0.25
0.29
0.34
0.37
0.41
0.43
0.45
0.46
0.47
0.48
0.51
0.25
0.29
0.34
0.37
0.41
0.43
0.45
0.46
0.47
0.48
0.51
0.25
0.29
0.34
0.38
0.41
0.43
0.45
0.46
0.47
0.48
0.51
0.25
0.29
0.34
0.38
0.41
0.43
0.45
0.46
0.47
0.48
0.51
0.25
0.29
0.34
0.38
0.41
0.43
0.45
0.46
0.47
0.48
0.51
0.25
0.29
0.34
0.38
0.41
0.43
0.45
0.46
0.47
0.48
0.51
0.25
0.29
0.34
0.38
0.41
0.43
0.45
0.46
0.47
0.48
0.51
0.25
0.29
0.34
0.38
0.41
0.43
0.45
0.46
0.47
0.48
0.51
0.25
0.29
0.34
0.38
0.41
0.43
0.45
0.46
0.47
0.48
0.51
0.25
0.29
0.34
0.38
0.41
0.43
0.45
0.46
0.47
0.48
0.51
0.25
0.29
0.34
0.38
0.41
0.43
0.45
0.46
0.47
0.48
0.51
0.25
0.29
0.34
0.38
0.41
0.43
0.45
0.46
0.47
0.48
0.51
0.49
0.49
0.49
0.5
0.5
0.5
0.51
0.51
0.51
0.51
0.47