0.34
0.4
0.44
0.46
0.47
0.47
0.48
0.49
0.49
0.49
0.53
0.4
0.44
0.46
0.47
0.47
0.48
0.48
0.49
0.49
0.5
0.53
0.4
0.44
0.46
0.47
0.47
0.48
0.49
0.49
0.49
0.5
0.53
0.4
0.44
0.46
0.47
0.48
0.48
0.49
0.49
0.5
0.5
0.53
0.4
0.44
0.46
0.47
0.48
0.48
0.49
0.49
0.5
0.5
0.53
0.4
0.44
0.46
0.47
0.48
0.48
0.49
0.49
0.5
0.5
0.53
0.4
0.44
0.46
0.47
0.48
0.48
0.49
0.49
0.5
0.5
0.53
0.4
0.44
0.46
0.47
0.47
0.48
0.49
0.49
0.49
0.5
0.53
0.4
0.44
0.46
0.47
0.47
0.48
0.49
0.49
0.49
0.5
0.53
0.4
0.44
0.46
0.47
0.47
0.48
0.49
0.49
0.49
0.5
0.53
0.4
0.44
0.46
0.47
0.47
0.48
0.49
0.49
0.49
0.5
0.53
0.4
0.44
0.46
0.47
0.47
0.48
0.49
0.49
0.49
0.5
0.53
0.34
0.4
0.43
0.46
0.47
0.48
0.48
0.49
0.49
0.5
0.53
0.34
0.39
0.43
0.46
0.47
0.48
0.48
0.49
0.49
0.5
0.53
0.34
0.39
0.43
0.46
0.47
0.48
0.48
0.49
0.49
0.5
0.53
0.34
0.39
0.43
0.46
0.47
0.48
0.48
0.49
0.49
0.5
0.53
0.34
0.39
0.43
0.46
0.47
0.48
0.48
0.49
0.49
0.5
0.53
0.34
0.39
0.43
0.46
0.47
0.48
0.48
0.49
0.49
0.5
0.53
0.34
0.39
0.43
0.46
0.47
0.48
0.48
0.49
0.49
0.5
0.53
0.34
0.39
0.43
0.46
0.47
0.48
0.48
0.49
0.49
0.5
0.53
0.34
0.39
0.43
0.46
0.47
0.48
0.48
0.49
0.49
0.5
0.53
0.34
0.39
0.43
0.46
0.47
0.48
0.48
0.49
0.49
0.5
0.53
0.34
0.4
0.44
0.46
0.47
0.48
0.48
0.49
0.49
0.5
0.53
0.34
0.4
0.44
0.46
0.47
0.48
0.48
0.49
0.49
0.49
0.53
0.34
0.4
0.44
0.46
0.47
0.48
0.48
0.49
0.49
0.49
0.54
0.34
0.4
0.44
0.46
0.47
0.48
0.48
0.49
0.49
0.49
0.54
0.34
0.4
0.44
0.46
0.47
0.47
0.48
0.49
0.49
0.49
0.54
0.34
0.4
0.44
0.46
0.47
0.47
0.48
0.49
0.49
0.49
0.54
0.34
0.4
0.44
0.46
0.47
0.47
0.48
0.49
0.49
0.49
0.54
0.34
0.4
0.44
0.46
0.47
0.47
0.48
0.49
0.49
0.49
0.54
0.34
0.4
0.44
0.46
0.47
0.47
0.48
0.49
0.49
0.49
0.54
0.34
0.4
0.44
0.46
0.47
0.47
0.48
0.49
0.49
0.49
0.54
0.34
0.4
0.44
0.46
0.47
0.47
0.48
0.49
0.49
0.49
0.54
0.34
0.4
0.44
0.46
0.47
0.47
0.48
0.49
0.49
0.49
0.54
0.34
0.4
0.44
0.46
0.47
0.47
0.48
0.49
0.49
0.49
0.54
0.34
0.4
0.44
0.46
0.47
0.47
0.48
0.49
0.49
0.49
0.54
0.34
0.4
0.44
0.46
0.47
0.47
0.48
0.49
0.49
0.49
0.54
0.34
0.4
0.44
0.46
0.47
0.47
0.48
0.49
0.49
0.49
0.54
0.34
0.4
0.44
0.46
0.47
0.47
0.48
0.49
0.49
0.49
0.54
0.34
0.4
0.44
0.46
0.47
0.47
0.48
0.49
0.49
0.49
0.54
0.34
0.4
0.44
0.46
0.47
0.47
0.48
0.49
0.49
0.49
0.54
0.34
0.4
0.44
0.46
0.47
0.47
0.48
0.49
0.49
0.49
0.54
0.34
0.4
0.44
0.46
0.47
0.47
0.48
0.49
0.49
0.49
0.54
0.34
0.4
0.44
0.46
0.47
0.47
0.48
0.49
0.49
0.49
0.54
0.34
0.4
0.44
0.46
0.47
0.47
0.48
0.49
0.49
0.49
0.54
0.34
0.4
0.44
0.46
0.47
0.47
0.48
0.49
0.49
0.49
0.54
0.34
0.4
0.44
0.46
0.47
0.47
0.48
0.49
0.49
0.49
0.54
0.34
0.4
0.44
0.46
0.47
0.47
0.48
0.49
0.49
0.49
0.54
0.34
0.4
0.44
0.46
0.47
0.47
0.48
0.49
0.49
0.49
0.54
0.34
0.4
0.44
0.46
0.47
0.47
0.48
0.49
0.49
0.49
0.54
0.34
0.4
0.44
0.46
0.47
0.47
0.48
0.49
0.49
0.49
0.54
0.34
0.4
0.44
0.46
0.47
0.47
0.48
0.49
0.49
0.49
0.53
0.34
0.4
0.44
0.46
0.47
0.47
0.48
0.49
0.49
0.49
0.53
0.34
0.4
0.44
0.46
0.47
0.47
0.48
0.49
0.49
0.49
0.53
0.34
0.4
0.44
0.46
0.47
0.47
0.48
0.49
0.49
0.49
0.53
0.34
0.4
0.44
0.46
0.47
0.47
0.48
0.49
0.49
0.49
0.53
0.34
0.4
0.44
0.46
0.47
0.47
0.48
0.49
0.49
0.49
0.53
0.34
0.4
0.44
0.46
0.47
0.47
0.48
0.49
0.49
0.49
0.53
0.34
0.4
0.44
0.46
0.47
0.47
0.48
0.49
0.49
0.49
0.53
0.34
0.4
0.44
0.46
0.47
0.47
0.48
0.49
0.49
0.49
0.53
0.34
0.4
0.44
0.46
0.47
0.47
0.48
0.49
0.49
0.49
0.53
0.5
0.51
0.51
0.52
0.52
0.52
0.53
0.53
0.53
0.54
0.49