0.22
0.27
0.31
0.34
0.37
0.4
0.42
0.43
0.45
0.45
0.5
0.27
0.31
0.35
0.38
0.4
0.42
0.44
0.45
0.45
0.46
0.5
0.27
0.31
0.35
0.38
0.4
0.42
0.44
0.45
0.45
0.46
0.5
0.27
0.31
0.35
0.38
0.4
0.42
0.44
0.45
0.45
0.46
0.5
0.27
0.31
0.34
0.37
0.4
0.42
0.44
0.45
0.46
0.46
0.49
0.27
0.31
0.34
0.37
0.4
0.42
0.44
0.45
0.46
0.46
0.49
0.27
0.31
0.34
0.37
0.4
0.42
0.43
0.45
0.46
0.46
0.49
0.27
0.31
0.34
0.37
0.4
0.42
0.43
0.45
0.45
0.46
0.49
0.27
0.31
0.34
0.37
0.4
0.42
0.43
0.45
0.45
0.46
0.49
0.27
0.31
0.34
0.37
0.4
0.42
0.43
0.45
0.45
0.46
0.49
0.27
0.31
0.34
0.37
0.4
0.42
0.43
0.45
0.45
0.46
0.49
0.27
0.31
0.34
0.37
0.4
0.42
0.43
0.45
0.45
0.46
0.49
0.22
0.27
0.31
0.34
0.37
0.4
0.42
0.43
0.45
0.45
0.5
0.22
0.26
0.31
0.34
0.37
0.4
0.42
0.43
0.44
0.45
0.5
0.22
0.26
0.3
0.34
0.37
0.4
0.42
0.43
0.45
0.45
0.49
0.22
0.26
0.3
0.34
0.37
0.39
0.42
0.43
0.44
0.45
0.49
0.22
0.26
0.3
0.34
0.37
0.39
0.42
0.43
0.44
0.45
0.5
0.22
0.26
0.3
0.34
0.37
0.39
0.42
0.43
0.44
0.45
0.5
0.22
0.26
0.3
0.34
0.37
0.39
0.42
0.43
0.44
0.45
0.5
0.22
0.26
0.3
0.34
0.37
0.39
0.41
0.43
0.44
0.45
0.5
0.22
0.26
0.3
0.34
0.37
0.39
0.41
0.43
0.44
0.45
0.5
0.22
0.26
0.3
0.34
0.37
0.39
0.41
0.43
0.44
0.45
0.5
0.22
0.27
0.31
0.34
0.37
0.4
0.42
0.43
0.45
0.45
0.5
0.22
0.27
0.31
0.34
0.37
0.4
0.42
0.43
0.45
0.45
0.5
0.22
0.27
0.31
0.34
0.37
0.4
0.42
0.43
0.45
0.45
0.5
0.22
0.27
0.31
0.34
0.37
0.4
0.42
0.43
0.44
0.45
0.5
0.22
0.27
0.31
0.34
0.37
0.4
0.42
0.43
0.44
0.45
0.5
0.22
0.27
0.31
0.34
0.37
0.4
0.42
0.43
0.44
0.45
0.5
0.22
0.27
0.31
0.34
0.37
0.4
0.42
0.43
0.44
0.45
0.5
0.22
0.27
0.31
0.34
0.37
0.4
0.42
0.43
0.44
0.45
0.5
0.22
0.27
0.31
0.34
0.37
0.4
0.42
0.43
0.44
0.45
0.5
0.22
0.27
0.31
0.34
0.37
0.4
0.42
0.43
0.44
0.45
0.5
0.22
0.27
0.31
0.34
0.37
0.4
0.42
0.43
0.45
0.45
0.5
0.22
0.27
0.31
0.34
0.37
0.4
0.42
0.43
0.45
0.45
0.5
0.22
0.27
0.31
0.34
0.37
0.4
0.42
0.43
0.44
0.45
0.5
0.22
0.27
0.31
0.34
0.37
0.4
0.42
0.43
0.44
0.45
0.5
0.22
0.27
0.31
0.34
0.37
0.4
0.42
0.43
0.44
0.45
0.5
0.22
0.27
0.31
0.34
0.37
0.4
0.42
0.43
0.44
0.45
0.5
0.22
0.27
0.31
0.34
0.37
0.4
0.42
0.43
0.44
0.45
0.5
0.22
0.27
0.31
0.34
0.37
0.4
0.42
0.43
0.44
0.45
0.5
0.22
0.27
0.31
0.34
0.37
0.4
0.42
0.43
0.45
0.45
0.5
0.22
0.27
0.31
0.34
0.37
0.4
0.42
0.43
0.44
0.45
0.5
0.22
0.27
0.31
0.34
0.37
0.4
0.42
0.43
0.44
0.45
0.5
0.22
0.27
0.31
0.34
0.37
0.4
0.42
0.43
0.44
0.45
0.5
0.22
0.27
0.31
0.34
0.37
0.4
0.42
0.43
0.44
0.45
0.5
0.22
0.27
0.31
0.34
0.37
0.4
0.42
0.43
0.44
0.45
0.5
0.22
0.27
0.31
0.34
0.37
0.4
0.42
0.43
0.45
0.45
0.5
0.22
0.27
0.31
0.34
0.37
0.4
0.42
0.43
0.45
0.45
0.5
0.22
0.27
0.31
0.34
0.37
0.4
0.42
0.43
0.44
0.45
0.5
0.22
0.27
0.31
0.34
0.37
0.4
0.42
0.43
0.44
0.45
0.5
0.22
0.27
0.31
0.34
0.37
0.4
0.42
0.43
0.44
0.45
0.5
0.22
0.27
0.31
0.34
0.37
0.4
0.42
0.43
0.45
0.45
0.5
0.22
0.27
0.31
0.34
0.37
0.4
0.42
0.43
0.45
0.45
0.5
0.22
0.27
0.31
0.34
0.37
0.4
0.42
0.43
0.44
0.45
0.5
0.22
0.27
0.31
0.34
0.37
0.4
0.42
0.43
0.44
0.45
0.5
0.22
0.27
0.31
0.34
0.37
0.4
0.42
0.43
0.45
0.45
0.5
0.22
0.27
0.31
0.34
0.37
0.4
0.42
0.43
0.45
0.45
0.5
0.22
0.27
0.31
0.34
0.37
0.4
0.42
0.43
0.45
0.45
0.5
0.22
0.27
0.31
0.34
0.37
0.4
0.42
0.43
0.45
0.45
0.5
0.22
0.27
0.31
0.34
0.37
0.4
0.42
0.43
0.45
0.45
0.5
0.22
0.27
0.31
0.34
0.37
0.4
0.42
0.43
0.45
0.45
0.5
0.46
0.47
0.48
0.48
0.48
0.49
0.49
0.49
0.5
0.5
0.45